72 0.42710069444444443 0.3200115740740741 0.3696990740740741 0.1804108796296296
126 0.6808217592592593 0.4304108796296296 0.04335069444444439 0.027054398148148095
126 0.20354166666666668 0.49296875 0.04975115740740739 0.03739583333333325
126 0.36378472222222225 0.6404976851851851 0.05298032407407405 0.044519675925925914
126 0.6138425925925926 0.3129166666666666 0.036354166666666646 0.029189814814814773
126 0.36561921296296296 0.2531134259259259 0.06215856481481481 0.03151620370370374
126 0.7222164351851852 0.4299652777777778 0.037962962962962976 0.032361111111111285
126 0.3170949074074074 0.6293865740740741 0.04177662037037031 0.02622685185185176
125 0.24276620370370372 0.3754513888888889 0.07899305555555554 0.06090856481481488
126 0.27578125 0.624363425925926 0.04493634259259256 0.02866319444444443
126 0.23789351851851853 0.5989351851851852 0.06315972222222221 0.046383101851851904
126 0.24223958333333334 0.5691319444444444 0.04335069444444448 0.027054398148148095
120 0.4561689814814815 0.4136400462962963 0.12765046296296295 0.07718749999999996
126 0.6080555555555556 0.2818518518518519 0.03170138888888889 0.03139467592592595
126 0.2061400462962963 0.37028935185185186 0.034056712962962976 0.03224537037037045
126 0.2966724537037037 0.3738541666666667 0.041857638888888896 0.03169560185185185
126 0.2732986111111111 0.31754050925925925 0.041180555555555644 0.038703703703703775
