18 0.7611979166666667 0.30115740740740743 0.14270833333333338 0.0892418981481482
137 0.3836284722222222 0.3332638888888889 0.14274305555555555 0.0900231481481482
60 0.2510590277777778 0.5218055555555555 0.04991319444444446 0.05325231481481474
65 0.38864583333333336 0.28758680555555555 0.13565972222222217 0.10602430555555556
57 0.20713541666666666 0.2382696759259259 0.1367881944444445 0.11387731481481485
13 0.656076388888889 0.20872685185185186 0.12371527777777765 0.11787615740740734
138 0.49821180555555555 0.16288194444444443 0.12803819444444448 0.0923784722222222
60 0.39397569444444447 0.6365509259259259 0.06574652777777779 0.05874999999999986
126 0.7207465277777778 0.37764467592592593 0.062135416666666644 0.04765046296296296
126 0.7642881944444444 0.3706886574074074 0.04782986111111107 0.041452546296296335
126 0.7151215277777778 0.35679398148148145 0.055173611111111145 0.04884837962962969
138 0.6026215277777778 0.29215277777777776 0.11758680555555542 0.10274884259259257
126 0.753732638888889 0.3446122685185185 0.04769097222222207 0.03832754629629633
51 0.21234375 0.49640625 0.06281249999999998 0.04534722222222225
13 0.8076909722222222 0.21965856481481483 0.12890625 0.1119097222222222
60 0.25515625000000003 0.36733217592592593 0.06692708333333339 0.05023726851851853
17 0.69859375 0.2668171296296296 0.09845486111111121 0.058107638888888855
