116 0.43528935185185186 0.30237847222222225 0.29868055555555556 0.13809027777777771
87 0.3426967592592593 0.3226041666666667 0.15309027777777776 0.13232638888888887
87 0.4728125 0.2497337962962963 0.11590277777777765 0.1109664351851852
67 0.47545717592592596 0.20203703703703707 0.13854745370370375 0.08458333333333332
7 0.22409722222222223 0.5634317129629629 0.10167824074074075 0.05541666666666671
135 0.7000694444444445 0.4708043981481481 0.06523726851851848 0.059832175925926025
135 0.7231481481481481 0.4909548611111111 0.057835648148148164 0.05353009259259256
146 0.4761631944444444 0.34584490740740736 0.13790509259259273 0.08692129629629637
67 0.19692708333333334 0.3291550925925926 0.1442013888888889 0.08774884259259252
135 0.22428819444444442 0.4743287037037037 0.06757523148148152 0.04657407407407401
135 0.15288773148148146 0.5092476851851852 0.057511574074074104 0.04806134259259256
67 0.3306134259259259 0.22421296296296295 0.13882523148148146 0.08927083333333333
135 0.15355902777777777 0.4678182870370371 0.06445023148148152 0.04655092592592602
135 0.1744039351851852 0.42389467592592595 0.043489583333333304 0.03546296296296294
7 0.2283564814814815 0.4242766203703704 0.08963541666666668 0.049861111111111
67 0.6237847222222223 0.2650289351851852 0.1254513888888889 0.0876099537037037
135 0.6852314814814815 0.3786863425925926 0.053738425925925884 0.037100694444444485
135 0.7099189814814815 0.3996064814814815 0.055167824074074015 0.04804398148148144
135 0.7168229166666666 0.42378472222222224 0.04992476851851855 0.03863425925925927
67 0.15034722222222222 0.26853587962962966 0.13275462962962964 0.07907407407407412
135 0.718900462962963 0.4456539351851852 0.05929976851851855 0.038703703703703775
135 0.24403935185185185 0.45151620370370366 0.05134837962962964 0.03630208333333336
135 0.1808738425925926 0.4011805555555556 0.04225115740740741 0.04092013888888886
135 0.09885416666666666 0.3228472222222222 0.04551504629629628 0.04328703703703703
