126 0.17645833333333333 0.5010416666666666 0.04848958333333329 0.038559027777777644
105 0.24164930555555558 0.1351215277777778 0.11105902777777779 0.07821180555555554
18 0.1912673611111111 0.36223958333333334 0.10157986111111113 0.07331597222222222
137 0.43946180555555553 0.3786979166666667 0.10940972222222226 0.07427083333333329
17 0.19991319444444444 0.43043402777777773 0.08418402777777775 0.06355902777777782
13 0.5641493055555555 0.3603645833333333 0.128263888888889 0.11451388888888889
126 0.1709027777777778 0.4696527777777778 0.05451388888888888 0.028541666666666642
105 0.32522569444444444 0.24328124999999998 0.1034548611111111 0.0522743055555555
126 0.6229687500000001 0.3866840277777778 0.03427083333333343 0.03121527777777775
13 0.5988020833333334 0.27828125000000004 0.13133680555555555 0.11223958333333339
62 0.47055555555555556 0.2809027777777778 0.11741319444444435 0.08303819444444445
138 0.4703125 0.22149305555555557 0.12263888888888896 0.07222222222222223
57 0.19149305555555554 0.28173611111111113 0.12557291666666667 0.0988368055555556
51 0.1700347222222222 0.3328472222222222 0.05078125 0.036267361111111104
137 0.34496527777777775 0.3750347222222222 0.10164930555555554 0.07644097222222221
18 0.6919097222222221 0.37961805555555556 0.12135416666666679 0.08468749999999999
126 0.6439236111111111 0.35822916666666665 0.04215277777777793 0.03451388888888882
