146 0.4364583333333333 0.21611689814814813 0.14342013888888888 0.09271990740740739
9 0.6754166666666667 0.1469733796296296 0.11743055555555557 0.08296296296296299
135 0.1698263888888889 0.3707986111111111 0.051579861111111125 0.03668981481481488
67 0.175 0.13798611111111111 0.11814236111111107 0.07984953703703704
135 0.22598958333333333 0.37387152777777777 0.04782986111111107 0.04366319444444446
135 0.20003472222222224 0.3469212962962963 0.06109375000000004 0.0430787037037037
7 0.6861805555555556 0.36549189814814814 0.0805381944444445 0.039461805555555604
7 0.6812847222222222 0.33979166666666666 0.08581597222222222 0.0309490740740741
7 0.6825347222222222 0.3186863425925926 0.07109375 0.0361979166666667
87 0.4482638888888889 0.2823263888888889 0.10859375 0.10704282407407409
9 0.3079340277777778 0.27112847222222225 0.11822916666666661 0.08375578703703698
7 0.24565972222222224 0.3321875 0.05885416666666661 0.04773148148148145
7 0.28255208333333337 0.32383101851851853 0.06428819444444445 0.046250000000000034
7 0.3117534722222222 0.31012152777777774 0.06741319444444445 0.04629629629629637
