146 0.430787037037037 0.17642361111111113 0.14567708333333335 0.09776041666666666
9 0.6694675925925926 0.10010416666666666 0.1188599537037037 0.08798611111111114
135 0.21373842592592593 0.5075868055555556 0.04743634259259259 0.047361111111111145
135 0.19564814814814815 0.47788194444444443 0.05262731481481477 0.03822916666666672
67 0.16270833333333332 0.10541666666666667 0.11952546296296296 0.08411458333333335
135 0.2637789351851852 0.4803298611111112 0.04817129629629626 0.04583333333333321
135 0.17772569444444444 0.26902777777777775 0.06221064814814818 0.045677083333333354
7 0.7000289351851852 0.4186979166666666 0.08162615740740745 0.04263888888888889
7 0.7196238425925926 0.3935763888888889 0.08759837962962962 0.03354166666666662
7 0.6949189814814816 0.3782465277777778 0.07213541666666679 0.03831597222222225
87 0.44605902777777773 0.24302083333333332 0.11017939814814817 0.11100694444444441
9 0.3042592592592593 0.23602430555555554 0.11966435185185187 0.08880208333333339
7 0.2375 0.41187500000000005 0.07615740740740744 0.04239583333333332
7 0.24149305555555553 0.3882291666666667 0.0885416666666666 0.03904513888888887
7 0.24252314814814815 0.3701909722222222 0.0948611111111111 0.04166666666666661
67 0.5828877314814814 0.21425347222222219 0.13625578703703703 0.09578124999999993
135 0.6949131944444444 0.3516493055555555 0.05842013888888893 0.049409722222222285
135 0.6803587962962963 0.30927083333333333 0.05067708333333325 0.051406249999999966
135 0.17204282407407406 0.23564236111111114 0.06282986111111111 0.04024305555555561
135 0.15986111111111112 0.22053819444444445 0.062002314814814816 0.03864583333333336
