87 0.36466435185185186 0.27607638888888886 0.1502199074074074 0.1417881944444444
146 0.7156655092592592 0.2901736111111111 0.13820601851851855 0.10142361111111109
67 0.5192708333333333 0.15276041666666668 0.138142361111111 0.09282986111111113
7 0.18295717592592592 0.4334201388888889 0.10197916666666669 0.06076388888888893
7 0.2082928240740741 0.37211805555555555 0.09882523148148152 0.05671874999999993
135 0.7804571759259259 0.3857638888888889 0.062152777777777855 0.06133680555555552
135 0.775462962962963 0.3445659722222222 0.06373263888888872 0.06375000000000001
135 0.7932002314814814 0.3125173611111111 0.04177662037037031 0.05184027777777782
146 0.5117708333333333 0.3007986111111111 0.13737268518518525 0.09435763888888893
67 0.22568865740740743 0.29397569444444444 0.1444097222222222 0.0954513888888889
135 0.29465277777777776 0.4253298611111111 0.06675925925925927 0.05060763888888893
135 0.2069560185185185 0.40265625 0.05660879629629632 0.05093750000000004
135 0.8125983796296297 0.29368055555555556 0.058101851851851904 0.041631944444444444
67 0.36864583333333334 0.18055555555555555 0.1381712962962963 0.09673611111111113
135 0.2800694444444444 0.2501388888888889 0.06363425925925928 0.05046874999999993
135 0.30338541666666663 0.2326909722222222 0.05035300925925927 0.04987847222222221
135 0.35402199074074076 0.21090277777777774 0.06357060185185182 0.041874999999999926
