146 0.43119791666666674 0.1853298611111111 0.15072916666666672 0.10153356481481479
135 0.25135416666666666 0.5368229166666667 0.05401041666666666 0.0397743055555555
67 0.1665104166666667 0.11697337962962964 0.1240625 0.08672453703703704
135 0.17734375 0.5614409722222222 0.06463541666666668 0.047407407407407474
87 0.4398958333333334 0.25329282407407405 0.11583333333333332 0.11502893518518516
9 0.2970833333333333 0.24774884259259258 0.12437500000000004 0.09141203703703704
67 0.58046875 0.22239583333333335 0.14124999999999996 0.09941550925925924
135 0.74109375 0.42765046296296294 0.060989583333333285 0.05108217592592581
135 0.6728125 0.42469328703703707 0.05333333333333332 0.05296296296296284
135 0.21302083333333335 0.551545138888889 0.06505208333333332 0.04198495370370381
135 0.6216666666666667 0.42149884259259257 0.05541666666666671 0.04919560185185183
7 0.6778124999999999 0.29133101851851856 0.07140625000000007 0.043917824074074116
135 0.60203125 0.26080439814814815 0.06703124999999996 0.0483275462962963
135 0.63796875 0.2703472222222222 0.049270833333333285 0.038715277777777765
7 0.6705729166666666 0.24818287037037035 0.07942708333333322 0.047505787037037096
9 0.38838541666666665 0.32560185185185186 0.13338541666666667 0.08649884259259259
7 0.21234374999999997 0.4216319444444444 0.07515625000000004 0.053478009259259274
7 0.22270833333333334 0.3945601851851852 0.0697916666666667 0.03137152777777778
7 0.2346875 0.3666145833333333 0.07770833333333335 0.045069444444444426
135 0.64359375 0.30269675925925926 0.06697916666666667 0.03587384259259263
135 0.13770833333333332 0.2221759259259259 0.047083333333333324 0.04092013888888886
135 0.13109375 0.19299768518518517 0.050260416666666696 0.041886574074074055
135 0.15161458333333333 0.17699652777777777 0.047083333333333324 0.04092013888888886
7 0.3421354166666667 0.6224884259259259 0.061406250000000016 0.04565972222222214
7 0.26177083333333334 0.6256944444444444 0.07463541666666665 0.05733796296296294
