87 0.4416087962962963 0.285474537037037 0.13289930555555554 0.11258680555555553
9 0.17528935185185185 0.16765046296296296 0.12228009259259257 0.09971064814814815
67 0.6792534722222222 0.18475115740740738 0.1296875 0.0890625
146 0.6695601851851851 0.38310185185185186 0.1413773148148149 0.08871527777777777
135 0.788888888888889 0.43524305555555554 0.06380208333333322 0.03747106481481488
135 0.7415219907407408 0.4256655092592593 0.04748263888888893 0.03920717592592595
135 0.7557581018518518 0.40037615740740745 0.04733796296296298 0.03530092592592595
7 0.17581018518518515 0.30144675925925923 0.07355324074074074 0.047974537037037024
7 0.1726273148148148 0.2817708333333333 0.08342013888888888 0.04053819444444447
7 0.16643518518518519 0.25885416666666666 0.0743634259259259 0.04878472222222223
