62 0.4852083333333333 0.29538773148148145 0.12608796296296312 0.08305555555555558
136 0.36205439814814816 0.30268518518518517 0.11757523148148152 0.08449074074074074
65 0.5133796296296296 0.23554976851851853 0.11288773148148153 0.08442129629629633
60 0.7075289351851852 0.406244212962963 0.057656250000000145 0.043009259259259205
57 0.628917824074074 0.2924768518518518 0.1155844907407408 0.1063194444444445
51 0.7152546296296297 0.4647685185185185 0.049103009259259166 0.04366319444444446
138 0.38965856481481487 0.23190972222222223 0.12111689814814816 0.07751736111111107
13 0.15869791666666666 0.28615162037037034 0.134375 0.10737847222222223
105 0.4887731481481481 0.36413773148148143 0.11133680555555543 0.06956597222222224
60 0.5601678240740741 0.2934953703703703 0.05946180555555554 0.04771990740740737
