135 0.6921875 0.4453125 0.0453125 0.04609375
84 0.24296875 0.48203125 0.0734375 0.05
97 0.21171875 0.37890625 0.11875 0.109375
135 0.1921875 0.4546875 0.04375 0.05078125
10 0.325 0.28671875 0.0734375 0.03359375
10 0.46484375 0.275 0.0765625 0.03984375
10 0.5609375 0.27734375 0.08359375 0.0390625
135 0.25859375 0.453125 0.06328125 0.0484375
60 0.321875 0.36875 0.03984375 0.03828125
135 0.353125 0.353125 0.0578125 0.0421875
10 0.396875 0.33515625 0.05390625 0.03515625
10 0.51640625 0.3375 0.03515625 0.03671875
60 0.61796875 0.3828125 0.0453125 0.0390625
60 0.6671875 0.3859375 0.0625 0.04453125
135 0.56328125 0.3359375 0.040625 0.04140625
