146 0.434375 0.21875 0.1375 0.0890625
9 0.66640625 0.1546875 0.1125 0.0796875
135 0.1984375 0.4625 0.04453125 0.04453125
135 0.21328125 0.43984375 0.04921875 0.03515625
67 0.17734375 0.13828125 0.11328125 0.0765625
135 0.25234375 0.4578125 0.0453125 0.0421875
135 0.165625 0.23984375 0.05859375 0.04140625
7 0.68671875 0.434375 0.078125 0.0375
7 0.709375 0.41484375 0.08359375 0.02890625
7 0.69140625 0.396875 0.06875 0.034375
87 0.446875 0.284375 0.10390625 0.103125
9 0.31015625 0.27109375 0.11328125 0.08046875
7 0.24609375 0.4078125 0.07265625 0.0375
7 0.24765625 0.37734375 0.06171875 0.04453125
7 0.271875 0.36015625 0.06484375 0.04453125
67 0.5796875 0.2625 0.12890625 0.08671875
135 0.66953125 0.3421875 0.05546875 0.0453125
135 0.64765625 0.3171875 0.04765625 0.04765625
135 0.615625 0.30078125 0.046875 0.0453125
135 0.146875 0.2203125 0.059375 0.0359375
135 0.16484375 0.196875 0.05859375 0.03515625
