146 0.3946296296296296 0.22130787037037036 0.15149884259259264 0.09799189814814815
9 0.6487962962962963 0.1491087962962963 0.12408564814814813 0.08841435185185187
135 0.14700231481481482 0.4379976851851852 0.05730324074074078 0.03714120370370359
135 0.14969328703703705 0.484855324074074 0.04879629629629632 0.04879629629629641
135 0.6033506944444444 0.34242476851851855 0.05411458333333332 0.028524305555555608
135 0.6313483796296296 0.3250289351851852 0.08079861111111111 0.04512731481481484
135 0.16952546296296295 0.5253356481481481 0.054189814814814816 0.03868055555555561
67 0.11272569444444444 0.1351099537037037 0.12483796296296297 0.08451388888888892
135 0.12155092592592591 0.37724537037037037 0.05034143518518519 0.04646412037037031
135 0.11621527777777778 0.2897800925925926 0.06439814814814815 0.04578703703703706
135 0.11046875 0.25232060185185184 0.04872685185185186 0.039421296296296225
135 0.09479745370370371 0.2461863425925926 0.05961805555555555 0.03325231481481481
7 0.627662037037037 0.24927083333333333 0.08546296296296294 0.042037037037037005
116 0.4094560185185186 0.3243287037037037 0.30647569444444434 0.1382002314814815
7 0.6274652777777778 0.22270833333333334 0.09164351851851862 0.03270833333333334
