87 0.34921875 0.32421875 0.134375 0.12109375
146 0.665625 0.35078125 0.1234375 0.0859375
67 0.4890625 0.21875 0.12421875 0.07734375
7 0.18515625 0.45859375 0.09140625 0.05078125
7 0.2078125 0.4046875 0.0890625 0.04765625
135 0.72265625 0.4390625 0.05546875 0.053125
135 0.71875 0.40234375 0.05703125 0.0546875
135 0.73515625 0.3734375 0.0375 0.0453125
146 0.48203125 0.35234375 0.12265625 0.0796875
67 0.22421875 0.334375 0.12890625 0.08046875
135 0.2859375 0.45546875 0.06015625 0.04296875
135 0.20625 0.43203125 0.05078125 0.04375
135 0.75234375 0.3578125 0.05234375 0.03515625
67 0.35390625 0.23828125 0.12421875 0.08125
135 0.27421875 0.29765625 0.05703125 0.04296875
135 0.29453125 0.2828125 0.0453125 0.04296875
135 0.340625 0.26484375 0.05703125 0.03515625
