11 0.6456712962962963 0.6107986111111112 0.12563657407407405 0.07787615740740747
11 0.2555266203703704 0.4837152777777778 0.10392361111111112 0.08269675925925916
128 0.457980324074074 0.4670775462962963 0.11719907407407408 0.05655092592592599
128 0.3069212962962963 0.4532349537037037 0.100931712962963 0.06075231481481484
5 0.3714236111111111 0.36460069444444443 0.116105324074074 0.09866898148148148
7 0.671712962962963 0.33056712962962964 0.07723958333333343 0.05146412037037038
7 0.6545196759259259 0.3035185185185185 0.07918981481481495 0.038252314814814795
7 0.28258680555555554 0.3432349537037037 0.09026620370370368 0.04326388888888886
7 0.2688599537037037 0.30145833333333333 0.07259837962962959 0.05288773148148147
7 0.30497106481481484 0.36107060185185186 0.07710069444444442 0.04677662037037038
