128 0.4109375 0.39921875 0.09609375 0.04921875
5 0.30625 0.51171875 0.1078125 0.09140625
7 0.6734375 0.4984375 0.071875 0.04765625
7 0.67421875 0.47890625 0.075 0.034375
7 0.26875 0.471875 0.08515625 0.0390625
7 0.278125 0.45390625 0.0734375 0.03671875
58 0.25703125 0.26484375 0.13828125 0.07890625
144 0.29140625 0.21328125 0.0828125 0.0625
126 0.64453125 0.246875 0.03671875 0.03125
114 0.27734375 0.2796875 0.14609375 0.059375
128 0.50390625 0.29375 0.08984375 0.05703125
128 0.37265625 0.29140625 0.09296875 0.05546875
