18 0.7713252314814815 0.28130208333333334 0.13744212962962976 0.08501157407407404
137 0.4119097222222222 0.3124768518518518 0.13748842592592592 0.08579282407407404
105 0.3923553240740741 0.2602025462962963 0.12612847222222223 0.06495370370370371
138 0.5190104166666666 0.1494097222222222 0.12282986111111108 0.08814814814814813
126 0.759085648148148 0.3524652777777778 0.04413194444444457 0.03499999999999996
138 0.6203530092592592 0.2726736111111111 0.11410300925925938 0.09859953703703699
13 0.8153182870370369 0.20379050925925926 0.124722222222222 0.10693865740740742
51 0.2463773148148148 0.32262731481481477 0.060405092592592614 0.04674768518518526
126 0.6797048611111111 0.32210069444444445 0.04321759259259252 0.04585648148148147
126 0.7593923611111111 0.31796875 0.04964699074074073 0.03606481481481483
126 0.7292476851851852 0.3250173611111111 0.03484953703703706 0.036076388888888825
