57 0.7721238425925925 0.2927835648148148 0.13603009259259266 0.10957754629629637
18 0.7201157407407408 0.14626157407407409 0.11688078703703705 0.06960069444444446
105 0.5362847222222222 0.2187326388888889 0.10206018518518523 0.0702719907407408
137 0.32972800925925927 0.18353587962962964 0.11945601851851854 0.07743055555555553
138 0.1312326388888889 0.13030671296296298 0.133130787037037 0.09081018518518516
126 0.21446180555555555 0.46023148148148146 0.05239583333333329 0.02850694444444457
126 0.26230324074074074 0.4661284722222222 0.04796296296296294 0.037065972222222146
105 0.26875578703703706 0.13006944444444443 0.10923032407407404 0.07501157407407408
18 0.21765625000000002 0.35706018518518523 0.10052083333333339 0.07104166666666671
126 0.23890625000000001 0.4412962962962963 0.04630787037037036 0.033929398148148236
137 0.47494212962962956 0.36375 0.10757523148148138 0.071875
62 0.3649537037037037 0.29111111111111115 0.11780092592592588 0.07429398148148145
126 0.28041087962962963 0.36519097222222224 0.05101851851851853 0.03474537037037031
57 0.7261574074074074 0.3501678240740741 0.12715856481481466 0.10013888888888892
51 0.7465162037037036 0.4570717592592592 0.06131365740740744 0.03950810185185176
13 0.5961921296296296 0.34175347222222224 0.12670138888888882 0.11107060185185187
65 0.601736111111111 0.26513310185185185 0.12053819444444436 0.08759259259259258
17 0.7141319444444444 0.4190219907407407 0.08826967592592591 0.052986111111111
126 0.16276041666666666 0.35043402777777777 0.05391203703703704 0.026956018518518476
105 0.3554513888888889 0.23413773148148148 0.10223958333333343 0.04996527777777775
60 0.6501967592592592 0.4765393518518518 0.0497800925925926 0.045671296296296404
126 0.16131365740740738 0.24885995370370367 0.038998842592592634 0.024502314814814775
126 0.13566550925925927 0.22717013888888887 0.03371527777777779 0.030711805555555572
60 0.6473206018518518 0.3530960648148148 0.05104166666666661 0.03552662037037031
