146 0.434375 0.21875 0.1375 0.0890625
67 0.17734375 0.13828125 0.11328125 0.0765625
87 0.446875 0.284375 0.10390625 0.103125
9 0.31015625 0.27109375 0.11328125 0.08046875
67 0.5796875 0.2625 0.12890625 0.08671875
135 0.73359375 0.50859375 0.05546875 0.0453125
135 0.7046875 0.49921875 0.04765625 0.04765625
135 0.65625 0.484375 0.05 0.04375
135 0.67890625 0.3890625 0.0421875 0.04140625
7 0.70390625 0.40703125 0.065625 0.0375
135 0.7015625 0.4703125 0.04453125 0.03359375
7 0.67265625 0.35625 0.07265625 0.04140625
9 0.403125 0.35078125 0.121875 0.075
7 0.2625 0.54140625 0.06875 0.046875
7 0.240625 0.4796875 0.06484375 0.02578125
7 0.2390625 0.453125 0.07109375 0.03828125
135 0.68515625 0.43671875 0.06171875 0.03046875
135 0.18359375 0.37421875 0.0421875 0.03671875
135 0.1890625 0.33359375 0.0453125 0.0375
135 0.19609375 0.315625 0.0421875 0.03671875
7 0.26328125 0.37421875 0.0859375 0.04140625
7 0.265625 0.35234375 0.06015625 0.0296875
7 0.2796875 0.3359375 0.0609375 0.0375
7 0.27890625 0.61015625 0.08046875 0.0375
