87 0.484375 0.26328125 0.10078125 0.10234375
135 0.69609375 0.490625 0.05703125 0.0546875
146 0.48203125 0.35234375 0.12265625 0.0796875
67 0.22421875 0.334375 0.12890625 0.08046875
67 0.35390625 0.23828125 0.12421875 0.08125
67 0.62265625 0.278125 0.11171875 0.08046875
135 0.678125 0.43671875 0.04453125 0.0359375
67 0.18515625 0.278125 0.11875 0.07265625
135 0.734375 0.415625 0.04140625 0.0421875
135 0.7078125 0.40078125 0.04609375 0.03828125
135 0.209375 0.484375 0.05859375 0.034375
135 0.2359375 0.46484375 0.059375 0.028125
135 0.2765625 0.37421875 0.04453125 0.0296875
135 0.1859375 0.45234375 0.053125 0.0375
135 0.2078125 0.41171875 0.046875 0.03671875
135 0.24375 0.39375 0.04375 0.0390625
9 0.66484375 0.15390625 0.121875 0.07890625
135 0.29375 0.3421875 0.053125 0.034375
