146 0.4221180555555556 0.18380787037037036 0.1461053240740741 0.0979571759259259
9 0.6637615740740741 0.1066087962962963 0.11983796296296294 0.08724537037037039
135 0.15101851851851852 0.34824074074074074 0.0526446759259259 0.038570601851851904
67 0.16309027777777776 0.11542824074074073 0.12045717592592595 0.08416087962962963
135 0.20702546296296295 0.35001157407407407 0.049103009259259256 0.04539930555555553
135 0.1819212962962963 0.3232638888888889 0.06234374999999996 0.04530671296296296
7 0.6672627314814814 0.32458912037037035 0.0816724537037036 0.04241319444444445
7 0.663130787037037 0.29909143518518516 0.08669560185185184 0.03410300925925931
7 0.6650462962962963 0.27717592592592594 0.0721354166666666 0.038802083333333307
87 0.43191550925925926 0.2503067129629629 0.11171875 0.1109780092592592
9 0.29280092592592594 0.24349537037037033 0.12065972222222224 0.08806712962962963
7 0.22796296296296298 0.3068518518518518 0.060243055555555536 0.04987268518518517
7 0.2650462962962963 0.2979166666666667 0.06563078703703704 0.04859375000000003
7 0.29468171296296297 0.28235532407407404 0.06875578703703704 0.04875578703703702
