17 0.2828125 0.6046875 0.090625 0.059375
137 0.3796875 0.36640625 0.10546875 0.06875
126 0.3671875 0.65 0.03984375 0.03125
57 0.48828125 0.3359375 0.13515625 0.09140625
138 0.14375 0.14609375 0.11328125 0.07421875
18 0.7046875 0.1609375 0.10546875 0.07734375
105 0.309375 0.1640625 0.1015625 0.06640625
51 0.22421875 0.45859375 0.06015625 0.034375
137 0.6484375 0.37421875 0.10078125 0.06953125
60 0.2828125 0.5890625 0.05625 0.03515625
57 0.12578125 0.275 0.1109375 0.0828125
51 0.6421875 0.62421875 0.05546875 0.034375
126 0.68515625 0.546875 0.05078125 0.0265625
126 0.26640625 0.4890625 0.0453125 0.03046875
126 0.57265625 0.6796875 0.0453125 0.0296875
126 0.378125 0.6765625 0.03359375 0.02734375
62 0.396875 0.4515625 0.1140625 0.0859375
60 0.62421875 0.63125 0.04375 0.0328125
65 0.3234375 0.46796875 0.11171875 0.08515625
138 0.178125 0.475 0.11796875 0.071875
126 0.6921875 0.5078125 0.04921875 0.02890625
105 0.6625 0.32109375 0.10625 0.06875
126 0.55703125 0.68828125 0.05078125 0.0234375
18 0.31015625 0.2765625 0.109375 0.0734375
137 0.725 0.378125 0.0828125 0.06875
60 0.67421875 0.596875 0.05625 0.03515625
126 0.6671875 0.56640625 0.04921875 0.03125
126 0.2078125 0.52421875 0.0609375 0.02734375
51 0.25234375 0.3265625 0.05390625 0.0484375
65 0.503125 0.26640625 0.12890625 0.084375
126 0.1890625 0.3265625 0.04609375 0.03671875
51 0.640625 0.3984375 0.05546875 0.03671875
13 0.796875 0.28984375 0.11640625 0.11640625
