57 0.7541550925925926 0.2155960648148148 0.14173032407407415 0.12094907407407404
57 0.6049826388888888 0.22586805555555553 0.12573495370370366 0.11354166666666661
51 0.7106539351851853 0.38527199074074076 0.06238425925925917 0.055179398148148096
18 0.7146064814814814 0.06918402777777777 0.12213541666666661 0.07905092592592596
105 0.520457175925926 0.15590277777777778 0.10651041666666679 0.07789351851851851
62 0.4736863425925925 0.23637152777777776 0.11382523148148138 0.09632523148148149
138 0.3835474537037037 0.18237847222222223 0.11873842592592591 0.08735532407407405
57 0.3241203703703704 0.305787037037037 0.12697337962962968 0.10818865740740743
51 0.21968171296296296 0.3749710648148148 0.05176504629629628 0.04661458333333339
137 0.31330439814814814 0.13391203703703702 0.12416087962962959 0.08697916666666669
138 0.11502893518518517 0.0933738425925926 0.13822916666666668 0.10124421296296296
13 0.15085069444444446 0.25017361111111114 0.12252314814814813 0.12497106481481479
126 0.16760416666666667 0.40060763888888895 0.05539930555555554 0.05543981481481488
126 0.1969386574074074 0.36498842592592595 0.050572916666666676 0.05274884259259256
126 0.20186921296296295 0.33428819444444446 0.05208333333333339 0.03885995370370363
126 0.25722222222222224 0.2796296296296296 0.054016203703703705 0.045225694444444464
126 0.2786458333333333 0.259375 0.05107638888888886 0.048119212962962975
126 0.13524305555555555 0.21166087962962962 0.05065972222222222 0.04108796296296298
105 0.25560763888888893 0.08373842592592592 0.11386574074074077 0.08388310185185185
65 0.4381886574074074 0.49412615740740745 0.14999421296296286 0.10289351851851851
