57 0.7485416666666667 0.34499421296296295 0.13842013888888882 0.11759259259259255
18 0.7095428240740741 0.19537037037037036 0.11891782407407411 0.07725694444444446
105 0.5201736111111112 0.25274884259259256 0.10407407407407412 0.07615740740740744
62 0.4751504629629629 0.3239583333333333 0.11134259259259274 0.09380787037037042
137 0.31766203703703705 0.20086805555555554 0.12089699074074076 0.08440393518518512
138 0.12480902777777778 0.1316550925925926 0.13496527777777775 0.09866898148148148
13 0.15929976851851851 0.2911458333333333 0.11921296296296298 0.12161458333333339
126 0.2031365740740741 0.5180266203703704 0.05457175925925926 0.054600694444444285
126 0.20394675925925926 0.45138888888888895 0.05125578703703706 0.03802083333333321
51 0.21416087962962962 0.424681712962963 0.057644675925925884 0.04082754629629619
126 0.22975115740740742 0.39994212962962966 0.053142361111111126 0.043605324074074046
126 0.20219328703703704 0.4677372685185185 0.04946759259259261 0.047222222222222145
126 0.2584375 0.3793113425925926 0.04905092592592588 0.04019097222222223
105 0.2614814814814815 0.14256365740740742 0.11138310185185185 0.08136574074074074
18 0.19111689814814814 0.36333912037037036 0.10255787037037037 0.0768229166666667
126 0.2528587962962963 0.3145543981481481 0.04730324074074073 0.03695023148148149
137 0.44681134259259264 0.3916956018518518 0.10963541666666679 0.078125
62 0.34335069444444444 0.31027199074074074 0.11919560185185185 0.08194444444444446
126 0.2724884259259259 0.301099537037037 0.05203703703703706 0.03807870370370363
57 0.6975057870370371 0.3984953703703704 0.12927083333333336 0.1075810185185185
51 0.7619270833333334 0.42366898148148147 0.062424768518518546 0.042737268518518515
13 0.5691550925925926 0.37957175925925923 0.12991898148148148 0.11851851851851851
140 0.44384837962962964 0.22983217592592595 0.0811400462962963 0.06979166666666661
