97 0.7116145833333333 0.5716840277777778 0.15401041666666657 0.12039930555555553
10 0.6442939814814814 0.5244097222222222 0.09123842592592588 0.04610532407407408
10 0.4554282407407408 0.5013252314814814 0.05991898148148138 0.03979745370370367
10 0.6362210648148148 0.4888078703703703 0.06765046296296298 0.0347337962962964
84 0.21586805555555558 0.41697337962962966 0.06705439814814813 0.04719328703703703
135 0.6954398148148149 0.3441087962962963 0.0584143518518518 0.043622685185185264
135 0.21758680555555557 0.24818287037037035 0.07422453703703705 0.056932870370370384
60 0.25235532407407407 0.3289525462962963 0.058379629629629635 0.041278935185185175
60 0.20221643518518517 0.3357349537037037 0.05224537037037038 0.04876736111111111
142 0.49408564814814815 0.21404513888888888 0.23818865740740733 0.11149305555555555
135 0.23905671296296296 0.2766608796296296 0.05689814814814813 0.046666666666666676
135 0.2731018518518519 0.2479340277777778 0.053003472222222216 0.047245370370370396
135 0.24493055555555557 0.355150462962963 0.053015046296296296 0.04802662037037031
10 0.3916550925925926 0.47847222222222224 0.06220486111111114 0.03601273148148145
10 0.42546875 0.4653703703703703 0.0848263888888889 0.03484374999999993
135 0.7230324074074075 0.48705439814814816 0.07902777777777778 0.06498842592592595
10 0.6880613425925926 0.2616319444444445 0.06693865740740748 0.03938078703703703
10 0.6964178240740742 0.22531828703703702 0.06851273148148138 0.04024305555555561
10 0.5674421296296297 0.22332175925925926 0.07468171296296297 0.035098379629629584
10 0.6240509259259259 0.20201967592592593 0.08241319444444457 0.030034722222222233
10 0.5958506944444444 0.2584143518518519 0.061435185185185225 0.03675347222222225
