19 0.2265625 0.5015625 0.0671875 0.06328125
16 0.265625 0.4484375 0.128125 0.09140625
119 0.19140625 0.478125 0.05625 0.03984375
124 0.3609375 0.6390625 0.0671875 0.040625
124 0.315625 0.63046875 0.05859375 0.05390625
59 0.65234375 0.5296875 0.14921875 0.10234375
101 0.52890625 0.5203125 0.03984375 0.04296875
101 0.575 0.53203125 0.0484375 0.04375
118 0.27109375 0.56171875 0.1125 0.053125
124 0.2296875 0.54375 0.06484375 0.034375
119 0.275 0.52265625 0.05859375 0.040625
101 0.50703125 0.56953125 0.053125 0.0390625
101 0.4734375 0.54921875 0.05625 0.03984375
101 0.54453125 0.55625 0.04296875 0.04140625
124 0.2 0.575 0.07890625 0.05078125
25 0.490625 0.45234375 0.11328125 0.07578125
