146 0.3789178240740741 0.2373553240740741 0.15502314814814805 0.10131944444444443
9 0.6348668981481481 0.17530092592592592 0.12715277777777773 0.09035300925925926
135 0.10897569444444444 0.49382523148148144 0.05090856481481483 0.04909143518518526
135 0.12585648148148149 0.47006944444444443 0.055891203703703686 0.03987847222222225
67 0.10376736111111111 0.14156828703703703 0.12773148148148147 0.08646990740740743
135 0.1678125 0.49087384259259254 0.05160879629629633 0.047552083333333425
135 0.08629629629629629 0.25215856481481486 0.06563078703703704 0.04718750000000007
7 0.6409837962962962 0.4798553240740741 0.08648148148148138 0.04312499999999986
7 0.6670775462962963 0.45950231481481485 0.09224537037037042 0.03393518518518519
7 0.6485590277777777 0.43939236111111113 0.07616319444444439 0.039699074074074046
87 0.3892939814814815 0.30886574074074075 0.11833333333333336 0.11583333333333332
9 0.24158564814814815 0.2904050925925926 0.127974537037037 0.09115740740740738
7 0.16357638888888887 0.4367592592592592 0.08105324074074072 0.04374421296296305
7 0.16688078703703704 0.4032118055555555 0.06969907407407408 0.050428240740740725
7 0.194375 0.3860300925925926 0.07360532407407408 0.05054398148148156
67 0.5342997685185186 0.28890625 0.14552662037037045 0.09869791666666661
135 0.6274189814814815 0.3792997685185185 0.06270833333333332 0.051001157407407405
135 0.6046585648148148 0.35045717592592596 0.05427662037037031 0.05387152777777775
135 0.5711747685185184 0.3322511574074074 0.05411458333333332 0.05074652777777775
135 0.06633680555555556 0.22965856481481478 0.06686921296296296 0.04098379629629623
135 0.08716435185185185 0.2052372685185185 0.06522569444444444 0.03937499999999998
