18 0.7033159722222223 0.42030092592592594 0.1408854166666668 0.09027199074074073
137 0.32647569444444446 0.4104861111111111 0.14090277777777782 0.09105324074074073
60 0.17416666666666666 0.5055034722222222 0.04878472222222223 0.05360532407407419
60 0.2926736111111111 0.38266782407407407 0.06355902777777782 0.05135995370370372
65 0.3344965277777778 0.3663715277777778 0.13267361111111117 0.1069502314814815
57 0.1576736111111111 0.2972222222222222 0.1336284722222222 0.11480902777777775
105 0.3084027777777778 0.2732986111111111 0.12447916666666661 0.08929976851851844
13 0.60546875 0.3175 0.12123263888888883 0.11875578703703704
138 0.45197916666666665 0.2544270833333333 0.1253298611111111 0.09247106481481478
60 0.21593749999999998 0.6675636574074074 0.0645138888888889 0.05921875000000014
126 0.5969444444444444 0.45467592592592593 0.06114583333333332 0.04809606481481481
126 0.5644965277777778 0.4363252314814815 0.046961805555555534 0.04179398148148152
126 0.6442013888888889 0.4402662037037037 0.05414930555555557 0.04924189814814817
138 0.5466666666666666 0.39380787037037035 0.11543402777777771 0.10358796296296298
126 0.624375 0.4171875 0.04689236111111121 0.038668981481481526
51 0.15055555555555555 0.4767245370370371 0.06109374999999999 0.04575231481481481
13 0.7550694444444445 0.34435763888888893 0.12654513888888896 0.11204861111111111
