87 0.4673784722222223 0.2802951388888889 0.11909722222222215 0.11666087962962965
9 0.3180381944444444 0.26989583333333333 0.12895833333333329 0.09276620370370363
67 0.6098090277777778 0.30572337962962964 0.14078125000000002 0.09545717592592595
67 0.6145486111111111 0.25174768518518514 0.1464236111111111 0.09952546296296294
135 0.7296701388888889 0.5931944444444445 0.06315972222222221 0.05180555555555557
135 0.6950868055555556 0.5637905092592592 0.05467013888888896 0.053894675925925915
135 0.6668749999999999 0.5490219907407408 0.057621527777777716 0.05008101851851841
135 0.7258506944444444 0.5035821759259259 0.04888888888888889 0.04670138888888893
7 0.7505381944444445 0.5800925925925926 0.07449652777777782 0.04355902777777772
135 0.6265625 0.5431944444444444 0.05088541666666675 0.03895833333333325
7 0.7325 0.4417476851851852 0.08170138888888889 0.047673611111111035
9 0.4149305555555555 0.3544097222222222 0.13805555555555565 0.08679398148148146
7 0.24265625000000002 0.5264814814814814 0.08000000000000007 0.04450231481481488
135 0.6482986111111112 0.5105613425925926 0.0694618055555555 0.03560763888888889
135 0.19767361111111112 0.4677372685185185 0.04864583333333332 0.04123263888888893
135 0.14838541666666666 0.47075810185185185 0.05184027777777778 0.042887731481481416
135 0.21151041666666667 0.45484375000000005 0.048680555555555574 0.04201388888888893
7 0.24930555555555553 0.4997569444444444 0.09657986111111114 0.04889467592592602
7 0.25006944444444446 0.48256944444444444 0.06786458333333334 0.03478009259259256
135 0.16734374999999999 0.2548553240740741 0.053003472222222216 0.05150462962962967
135 0.6842881944444444 0.3854398148148148 0.0492881944444445 0.038130787037037005
135 0.6522743055555555 0.36844328703703705 0.05067708333333343 0.03427083333333325
135 0.6236631944444444 0.34510416666666666 0.056788194444444426 0.031331018518518584
