27 0.32734375 0.6833506944444444 0.090625 0.06217013888888889
141 0.2953125 0.66375 0.06953125 0.047638888888888786
27 0.390625 0.6811631944444445 0.10859375 0.0672569444444445
27 0.75390625 0.5230902777777777 0.1796875 0.08758680555555554
96 0.39375 0.48421875 0.103125 0.06791666666666671
22 0.78828125 0.4731076388888889 0.08046875 0.058819444444444355
27 0.7234375 0.4800173611111111 0.0703125 0.05234375
22 0.2625 0.5347916666666667 0.0734375 0.0680381944444445
27 0.15625 0.5144965277777778 0.16953125 0.09282986111111118
122 0.20234375 0.4142534722222222 0.09375 0.0794270833333334
96 0.8515625 0.18498263888888888 0.1390625 0.09527777777777775
