69 0.22980324074074074 0.5186805555555555 0.14013310185185182 0.0741493055555555
60 0.20480324074074074 0.3927777777777778 0.05089699074074074 0.04640624999999998
60 0.6756365740740741 0.3893402777777778 0.05975115740740744 0.053628472222222265
60 0.2226273148148148 0.41736111111111107 0.05873842592592595 0.047361111111111145
135 0.2222800925925926 0.3635069444444444 0.05298032407407405 0.039427083333333356
135 0.23969907407407404 0.3357986111111111 0.05399305555555554 0.04569444444444439
135 0.6531828703703704 0.34222222222222226 0.0642939814814815 0.04982638888888893
10 0.43087384259259254 0.23241319444444447 0.04997106481481488 0.042482638888888855
10 0.4429108796296296 0.18140625 0.05957754629629619 0.027864583333333304
10 0.37569444444444444 0.14152777777777778 0.05107060185185182 0.030017361111111106
