128 0.4364293981481482 0.6091145833333333 0.1042766203703703 0.059114583333333214
7 0.6274826388888888 0.70515625 0.07915509259259253 0.05510416666666664
7 0.31076388888888895 0.6630208333333334 0.07179976851851855 0.048385416666666715
58 0.2777546296296296 0.491875 0.15042824074074074 0.09333333333333335
126 0.27565972222222224 0.5415625000000001 0.03282986111111112 0.03255208333333322
114 0.38082175925925926 0.6778124999999999 0.09031249999999993 0.09010416666666679
128 0.5523321759259259 0.5771354166666667 0.09843171296296305 0.06651041666666657
128 0.45936342592592594 0.5709375 0.10147569444444446 0.06515625000000007
5 0.3313425925925926 0.534375 0.11875 0.11302083333333339
126 0.7269097222222223 0.6557291666666666 0.047957175925925986 0.039010416666666714
126 0.2773206018518518 0.57359375 0.04615162037037042 0.034218750000000145
126 0.19027777777777777 0.4564583333333333 0.036938657407407406 0.03671875
