87 0.3736689814814815 0.33230902777777777 0.14276620370370363 0.12809027777777776
87 0.5038483796296296 0.27274305555555556 0.11162615740740733 0.1047569444444445
67 0.5038831018518518 0.22121527777777777 0.13050925925925938 0.08331597222222217
7 0.20699074074074075 0.5565798611111111 0.09608217592592591 0.05444444444444443
7 0.25134837962962964 0.4990104166666667 0.09364583333333334 0.051267361111111145
135 0.6929340277777778 0.593923611111111 0.058651620370370236 0.05595486111111114
135 0.7329340277777778 0.5737326388888888 0.06104166666666657 0.05756944444444443
135 0.711238425925926 0.552951388888889 0.03967013888888893 0.0477256944444445
146 0.5001446759259259 0.35854166666666665 0.12977430555555552 0.08486111111111114
67 0.23320601851851852 0.3346527777777778 0.1360474537037037 0.08578124999999996
135 0.24796296296296294 0.4638020833333334 0.06381944444444443 0.04592013888888893
135 0.19433449074074077 0.47197916666666667 0.0536863425925926 0.046475694444444396
67 0.36461805555555554 0.2376388888888889 0.13062500000000005 0.08722222222222217
135 0.24083333333333332 0.4339756944444444 0.060694444444444426 0.04585069444444443
