100 0.26721643518518523 0.5453993055555555 0.08342013888888893 0.04991319444444446
55 0.3690104166666667 0.44386574074074076 0.1543171296296296 0.09858217592592596
148 0.24977430555555555 0.43185763888888895 0.059959490740740765 0.048263888888888926
148 0.25199652777777776 0.4012731481481481 0.05761574074074076 0.04817708333333322
148 0.26242476851851854 0.3836805555555555 0.06446180555555561 0.0421875
4 0.3437615740740741 0.35720486111111105 0.10858217592592592 0.05630787037037042
82 0.40441550925925923 0.3189814814814815 0.09950810185185191 0.0661168981481481
21 0.6412094907407407 0.33914930555555556 0.09291666666666672 0.08070023148148149
86 0.5831597222222222 0.30688657407407405 0.08524305555555553 0.08509837962962959
10 0.5553645833333334 0.3454571759259259 0.07048032407407412 0.03460648148148149
