97 0.7657696759259259 0.5030555555555555 0.1557581018518519 0.11046875000000007
10 0.7440972222222222 0.5161689814814816 0.09129050925925916 0.04127893518518526
10 0.63046875 0.48956018518518524 0.05963541666666661 0.0355787037037036
10 0.7295717592592592 0.4887326388888889 0.06788194444444447 0.03095486111111114
84 0.27589699074074076 0.44633101851851853 0.06796875 0.04266782407407401
135 0.7466724537037037 0.3506539351851852 0.05920138888888893 0.040260416666666646
135 0.23914930555555552 0.2875520833333333 0.05703125 0.04258680555555552
60 0.2877604166666667 0.35350115740740745 0.05896990740740744 0.03713541666666664
60 0.2500289351851852 0.3711805555555555 0.053298611111111074 0.04490162037037031
20 0.516898148148148 0.23182870370370373 0.28136574074074083 0.1301388888888889
142 0.5244212962962963 0.1647337962962963 0.23680555555555555 0.09779513888888891
135 0.23385416666666664 0.3320196759259259 0.0578125 0.04259259259259256
135 0.28324652777777776 0.2714814814814815 0.05396412037037042 0.04334490740740744
135 0.27100694444444445 0.3908564814814815 0.054021990740740745 0.04412615740740744
10 0.5788483796296295 0.48839699074074067 0.06252893518518512 0.032476851851851764
10 0.591724537037037 0.46194444444444444 0.08423032407407405 0.030295138888888927
135 0.7697916666666667 0.42031828703703705 0.08017939814814827 0.0599363425925926
10 0.715306712962963 0.26453125 0.06744791666666661 0.035636574074074015
10 0.720775462962963 0.2224074074074074 0.07627314814814809 0.03882523148148156
10 0.6150752314814815 0.2185011574074074 0.07413194444444446 0.031001157407407477
10 0.6571469907407408 0.19616898148148149 0.0815393518518519 0.02559027777777776
10 0.6550925925925926 0.2422222222222222 0.06180555555555571 0.03325231481481481
