128 0.4221875 0.5361689814814815 0.10469328703703713 0.056203703703703665
7 0.5973263888888889 0.6458738425925926 0.07887731481481489 0.05309606481481488
7 0.6574247685185185 0.6401851851851852 0.08102430555555565 0.0398842592592592
7 0.24937499999999999 0.5834953703703704 0.07175347222222221 0.046637731481481384
7 0.31335648148148143 0.5761284722222222 0.09281249999999996 0.044918981481481525
58 0.23964699074074075 0.4016724537037037 0.1504918981481481 0.09035879629629626
126 0.2564351851851852 0.42696759259259254 0.032494212962962975 0.032199074074074116
114 0.2896296296296296 0.5572916666666666 0.11050925925925928 0.07980324074074083
128 0.5040104166666667 0.5196759259259259 0.09855902777777778 0.06383101851851851
128 0.4184722222222222 0.4964178240740741 0.1016724537037037 0.06314236111111118
5 0.23958333333333331 0.45013310185185185 0.11800347222222225 0.11126157407407397
126 0.7449537037037037 0.48127314814814814 0.04820023148148138 0.038130787037037095
144 0.25083333333333335 0.36538773148148146 0.0944212962962963 0.048090277777777767
126 0.31038194444444445 0.3753472222222222 0.04656828703703706 0.03339699074074076
