60 0.24419560185185185 0.473119212962963 0.05105902777777782 0.03938078703703703
60 0.7254861111111112 0.4607638888888889 0.058987268518518474 0.05529513888888893
60 0.23889467592592592 0.4959780092592593 0.054172453703703737 0.03793402777777786
135 0.238599537037037 0.45613425925925927 0.051851851851851906 0.040972222222222146
135 0.24694444444444447 0.4222222222222222 0.053454861111111106 0.04649884259259256
135 0.7188715277777777 0.4117766203703703 0.06364583333333336 0.0515625
10 0.4566319444444444 0.24565972222222224 0.04952546296296312 0.04322916666666661
10 0.4467071759259259 0.27728587962962964 0.05957754629629619 0.029542824074074048
10 0.33710069444444446 0.2500868055555555 0.06816550925925924 0.02907986111111107
10 0.39243634259259264 0.2300636574074074 0.051001157407407405 0.03156828703703703
142 0.41623842592592586 0.5949074074074074 0.18890046296296284 0.09056712962962976
