87 0.4281655092592592 0.26413773148148145 0.13129629629629633 0.1095543981481482
9 0.15789930555555556 0.1535300925925926 0.12095486111111113 0.09697916666666666
67 0.6657349537037037 0.15572916666666667 0.12860532407407402 0.08609953703703703
146 0.6596585648148148 0.3549247685185185 0.14030092592592602 0.08462384259259262
135 0.7355844907407407 0.3984606481481482 0.06380208333333322 0.03562499999999993
135 0.7608738425925926 0.3791145833333333 0.046649305555555645 0.03784143518518519
135 0.7183333333333334 0.3498900462962963 0.04659143518518523 0.03393518518518519
7 0.14930555555555555 0.25894675925925925 0.0733275462962963 0.04585069444444443
7 0.14567708333333335 0.24016782407407405 0.08336805555555556 0.038113425925925884
7 0.12491898148148148 0.21735532407407407 0.07333912037037038 0.04663194444444443
133 0.4540162037037037 0.15416087962962963 0.13801504629629627 0.08851273148148149
