62 0.47408564814814813 0.27265625 0.13321759259259255 0.09447916666666671
136 0.3432928240740741 0.28682291666666665 0.12471643518518523 0.09546875000000003
65 0.5106018518518518 0.20796874999999998 0.11924768518518522 0.09510416666666668
60 0.6942997685185185 0.3778125 0.06123263888888886 0.0484375
57 0.6256944444444444 0.26177083333333334 0.12298032407407397 0.11869791666666663
51 0.6961574074074074 0.43838541666666664 0.05190393518518519 0.04859375000000003
138 0.38128472222222226 0.21036458333333333 0.12815972222222224 0.08791666666666664
13 0.1319965277777778 0.2806770833333333 0.14173032407407407 0.11994791666666664
105 0.46982638888888884 0.34453125 0.11754050925925927 0.0794270833333333
60 0.5530381944444445 0.2666145833333333 0.06307291666666667 0.05322916666666666
