16 0.6831712962962962 0.37723958333333335 0.11684027777777786 0.08545717592592598
119 0.6302662037037037 0.2585474537037037 0.06326388888888879 0.05341435185185191
101 0.21006365740740743 0.3162905092592593 0.047384259259259306 0.03576388888888893
101 0.20965277777777777 0.29131365740740744 0.06217013888888889 0.03229745370370374
101 0.25672453703703707 0.2766435185185185 0.04822337962962955 0.039693287037037096
119 0.27991319444444446 0.24003472222222225 0.056944444444444464 0.048541666666666664
25 0.1308449074074074 0.2342997685185185 0.1035358796296296 0.08350115740740742
101 0.2621412037037037 0.33270833333333333 0.05441550925925931 0.03597222222222225
101 0.31395833333333334 0.31399305555555557 0.059230324074074046 0.04470486111111107
101 0.31839699074074074 0.27793981481481483 0.061527777777777716 0.04164930555555557
