18 0.7280034722222222 0.11904513888888887 0.11953125 0.07293402777777777
105 0.5405729166666666 0.19668402777777777 0.10390625 0.07258680555555555
126 0.19201388888888887 0.37482638888888886 0.049270833333333375 0.038576388888888855
105 0.26741319444444445 0.10973958333333333 0.11105902777777779 0.07821180555555554
18 0.21395833333333333 0.34229166666666666 0.10237847222222225 0.07411458333333334
136 0.4766493055555555 0.3450520833333333 0.10942708333333329 0.07505208333333328
62 0.36482638888888885 0.27249999999999996 0.11963541666666674 0.07762152777777782
126 0.16383680555555555 0.23241319444444444 0.0515625 0.03628472222222223
57 0.7334201388888889 0.32762152777777775 0.12880208333333343 0.10359375000000001
51 0.7551388888888889 0.39045138888888886 0.061822916666666575 0.04119791666666668
13 0.6003993055555557 0.32119791666666664 0.12906249999999986 0.11531250000000001
65 0.6064756944444445 0.24289930555555556 0.1222743055555556 0.0909548611111111
126 0.17277777777777778 0.35336805555555556 0.05451388888888884 0.028541666666666642
105 0.3557291666666667 0.2148611111111111 0.1034548611111111 0.0522743055555555
60 0.690625 0.3715625 0.05102430555555557 0.04720486111111111
126 0.13434027777777777 0.17131944444444444 0.03427083333333334 0.031215277777777793
60 0.6177604166666667 0.25828125 0.0555381944444445 0.03949652777777786
62 0.5033680555555555 0.2459722222222222 0.11819444444444435 0.08305555555555558
