71 0.2828125 0.5609375 0.13359375 0.08203125
66 0.24765625 0.52890625 0.13984375 0.08046875
26 0.246875 0.41484375 0.15859375 0.09609375
123 0.25546875 0.3765625 0.1546875 0.06328125
125 0.69375 0.41171875 0.07421875 0.05546875
125 0.69453125 0.4390625 0.0625 0.07421875
125 0.20390625 0.4546875 0.0625 0.0765625
134 0.25859375 0.31328125 0.10859375 0.0875
107 0.26015625 0.27890625 0.05390625 0.040625
107 0.284375 0.24765625 0.05625 0.0578125
24 0.175 0.37109375 0.06953125 0.05078125
107 0.25078125 0.253125 0.059375 0.04921875
