108 0.23203125 0.48671875 0.0609375 0.08515625
21 0.30234375 0.5515625 0.0953125 0.084375
86 0.38671875 0.49609375 0.1046875 0.0640625
55 0.4265625 0.44921875 0.10859375 0.084375
10 0.334375 0.559375 0.04921875 0.0421875
86 0.390625 0.39453125 0.09375 0.08125
148 0.66328125 0.39140625 0.0828125 0.05234375
148 0.6625 0.3625 0.053125 0.06015625
100 0.6953125 0.41015625 0.08515625 0.05859375
82 0.62421875 0.29296875 0.0953125 0.071875
148 0.28515625 0.35390625 0.0625 0.05234375
10 0.18203125 0.4890625 0.04375 0.03125
10 0.29609375 0.48515625 0.04375 0.034375
