58 0.25526620370370373 0.48675347222222226 0.1526041666666666 0.10024884259259252
11 0.766261574074074 0.45803819444444444 0.11267361111111107 0.07449652777777782
114 0.7236400462962964 0.4699594907407407 0.11325231481481488 0.09012152777777782
144 0.27578125 0.23733796296296297 0.09704861111111107 0.07357060185185187
64 0.26015625 0.4285243055555556 0.10888310185185182 0.056342592592592666
126 0.2663773148148148 0.3005324074074074 0.055324074074074046 0.0414756944444445
126 0.2645543981481482 0.35701388888888885 0.03932291666666661 0.03039351851851855
7 0.3002604166666667 0.30635416666666665 0.07766203703703703 0.05527199074074076
7 0.3238715277777778 0.26737268518518514 0.10078125 0.04806712962962969
7 0.6984664351851851 0.2976331018518518 0.0831018518518519 0.05481481481481474
7 0.7096354166666666 0.2820949074074074 0.0822337962962962 0.052424768518518496
7 0.7021701388888889 0.24965277777777778 0.08616898148148149 0.05343750000000007
126 0.27456597222222223 0.24680555555555558 0.039409722222222235 0.03273726851851855
126 0.28032407407407406 0.21201388888888886 0.043026620370370416 0.025156250000000036
64 0.47068865740740745 0.2359664351851852 0.13732638888888893 0.0876504629629629
