11 0.5851041666666668 0.5752893518518519 0.13005208333333335 0.08041087962962976
11 0.24916666666666668 0.44745370370370374 0.09473958333333332 0.06507523148148149
128 0.3798958333333333 0.4036458333333333 0.10505208333333335 0.05610532407407405
5 0.3088020833333333 0.38289930555555557 0.12130208333333332 0.10112847222222224
7 0.656875 0.3520833333333333 0.07989583333333332 0.0528356481481481
7 0.6530729166666667 0.3155960648148148 0.08213541666666657 0.03967013888888893
7 0.22026041666666668 0.4017650462962963 0.09338541666666664 0.04476273148148149
7 0.19770833333333332 0.42442129629629627 0.07953125000000005 0.047366898148148096
7 0.22739583333333332 0.3765625 0.0799479166666667 0.0419270833333333
58 0.33036458333333335 0.14129050925925926 0.16026041666666657 0.10101273148148149
