18 0.7127662037037037 0.30571180555555555 0.13583333333333342 0.08317708333333336
137 0.357337962962963 0.3339756944444444 0.13587962962962968 0.08395833333333336
105 0.34403356481481484 0.2823611111111111 0.1245196759259259 0.06319444444444447
57 0.2006712962962963 0.24276041666666667 0.13019097222222217 0.10630208333333328
138 0.4805671296296296 0.17421875 0.12117476851851841 0.08564236111111115
60 0.27554976851851853 0.6227951388888889 0.06247685185185183 0.05498263888888886
126 0.6490393518518519 0.27659722222222227 0.0594849537037037 0.043940972222222284
138 0.5660358796296296 0.2966493055555556 0.11244791666666672 0.0961631944444444
13 0.7648206018518519 0.22937500000000002 0.12306712962962969 0.10442708333333339
60 0.25318287037037035 0.5926215277777779 0.05530092592592597 0.03907986111111121
51 0.18378472222222225 0.3962326388888889 0.05957754629629628 0.045503472222222195
60 0.24060185185185184 0.5682465277777778 0.06586805555555557 0.03331597222222236
