100 0.31741319444444444 0.6500868055555555 0.08880787037037034 0.05034722222222214
55 0.3230497685185185 0.475763888888889 0.15063657407407405 0.09307291666666657
148 0.2957928240740741 0.5925 0.06380787037037035 0.04979166666666668
148 0.26777199074074076 0.5637152777777777 0.06890625000000003 0.04366319444444446
148 0.3209375 0.5774131944444444 0.0786053240740741 0.04934027777777779
148 0.3442013888888889 0.5544618055555556 0.06996527777777777 0.0483680555555555
148 0.3031712962962963 0.5339930555555557 0.06660879629629628 0.044392361111111
4 0.3776273148148148 0.5184375 0.11574074074074074 0.05718750000000004
82 0.24358796296296298 0.5889930555555555 0.08669560185185184 0.054201388888888855
86 0.5290914351851852 0.5366666666666667 0.09181134259259274 0.08786458333333336
10 0.5036458333333333 0.6096354166666667 0.0555787037037037 0.042586805555555426
10 0.452962962962963 0.5936458333333332 0.05254050925925924 0.030815972222222144
10 0.3821412037037037 0.6006770833333334 0.05543402777777775 0.026979166666666644
108 0.6304456018518518 0.5952430555555555 0.08858796296296294 0.07296875000000007
100 0.21254629629629634 0.6375868055555556 0.0872395833333334 0.03704861111111111
21 0.45890046296296294 0.57265625 0.10582175925925927 0.07413194444444446
55 0.4683159722222222 0.47977430555555556 0.10706597222222225 0.0819618055555555
21 0.56484375 0.6461979166666667 0.11304398148148138 0.09067708333333328
86 0.5015104166666667 0.44765625 0.12140625000000008 0.08696180555555558
148 0.22917245370370373 0.5550347222222222 0.0875694444444445 0.055781250000000074
10 0.523275462962963 0.5952083333333333 0.03907407407407391 0.027395833333333286
10 0.5333275462962963 0.6235937500000001 0.04891203703703688 0.035416666666666784
