62 0.49548611111111107 0.30717592592592596 0.11927083333333321 0.07906828703703699
136 0.37769097222222225 0.3101157407407407 0.11151620370370363 0.08051504629629633
140 0.598755787037037 0.24936342592592595 0.2023726851851851 0.10918981481481485
65 0.5230613425925925 0.25058449074074074 0.1060474537037038 0.08043402777777775
60 0.7164351851851852 0.55953125 0.054629629629629584 0.041412037037036956
57 0.6329571759259259 0.30843171296296296 0.1091724537037038 0.1015625
51 0.63203125 0.3677604166666667 0.04606481481481488 0.04206597222222221
138 0.4056712962962964 0.2433796296296296 0.11440972222222215 0.07431134259259267
13 0.18480902777777777 0.2885185185185185 0.12638888888888894 0.10259837962962966
105 0.49788773148148147 0.37201967592592594 0.10552662037037042 0.06637152777777774
60 0.7042534722222222 0.42036458333333326 0.05555555555555554 0.045329861111111217
126 0.2689814814814815 0.3686284722222222 0.05295138888888893 0.038263888888888875
65 0.7380208333333333 0.27797453703703706 0.10240162037037023 0.08740740740740742
