57 0.77421875 0.2500810185185185 0.13683449074074083 0.11646412037037042
18 0.7211226851851851 0.10603009259259259 0.1173900462962962 0.07555555555555556
105 0.5378472222222223 0.18892361111111114 0.10257523148148148 0.07545717592592593
62 0.49921875 0.2663773148148148 0.10946180555555554 0.09301504629629634
138 0.405613425925926 0.2124189814814815 0.11458333333333322 0.08396412037037031
137 0.3309895833333333 0.16359953703703703 0.1200231481481481 0.08350694444444447
138 0.13211805555555556 0.1213599537037037 0.13379629629629627 0.0975752314814815
13 0.18243634259259262 0.2749710648148148 0.11747685185185182 0.11999421296296298
126 0.2248263888888889 0.48934027777777783 0.053443287037037025 0.0538368055555555
126 0.24933449074074074 0.4534375 0.05049189814814818 0.03729166666666668
126 0.24623842592592596 0.3909837962962963 0.052285879629629585 0.043634259259259164
126 0.24829282407407405 0.40417245370370375 0.04849537037037042 0.046527777777777855
126 0.2976851851851852 0.36366319444444445 0.048234953703703634 0.03949652777777777
105 0.2696469907407407 0.11399305555555554 0.10978009259259255 0.08056134259259258
18 0.22089120370370371 0.3408101851851852 0.11608796296296298 0.08249421296296297
126 0.2689236111111111 0.3270023148148148 0.04655671296296297 0.03627893518518519
51 0.7190972222222223 0.38958333333333334 0.05726273148148149 0.051724537037037076
137 0.4775752314814815 0.33734375 0.10810185185185191 0.07734375
62 0.36701388888888886 0.2695138888888889 0.11834490740740736 0.08028935185185179
126 0.13570601851851852 0.21823495370370374 0.051273148148148186 0.03733796296296301
57 0.7287037037037037 0.3107175925925926 0.12789351851851852 0.1065798611111111
51 0.6996238425925926 0.37116319444444446 0.03576388888888893 0.03953703703703706
51 0.31712962962962965 0.33902199074074074 0.06160300925925925 0.04262731481481481
13 0.5940104166666667 0.31008680555555557 0.13914930555555555 0.11582175925925924
