126 0.7285937499999999 0.39513310185185185 0.052604166666666785 0.04165509259259261
18 0.23921874999999998 0.33005208333333336 0.1088541666666667 0.07960648148148142
17 0.259375 0.5389699074074075 0.11026041666666667 0.06566550925925921
126 0.6229166666666666 0.2814351851851852 0.05812500000000007 0.03104166666666668
105 0.36671875 0.21053819444444444 0.10973958333333336 0.05785300925925929
13 0.6633854166666666 0.2578414351851852 0.1419270833333334 0.12024884259259264
62 0.5214583333333334 0.254375 0.12588541666666658 0.08983217592592592
138 0.5165625 0.19261574074074075 0.13057291666666657 0.07839699074074073
57 0.23208333333333334 0.2463773148148148 0.13479166666666664 0.10664351851851847
137 0.4000520833333333 0.34851273148148143 0.10906249999999992 0.08273148148148142
18 0.7627083333333333 0.357974537037037 0.1220833333333335 0.09119212962962964
126 0.7515104166666667 0.42357060185185186 0.04526041666666671 0.03660300925925917
65 0.39807291666666667 0.29546875000000006 0.11854166666666668 0.08478009259259256
105 0.37526041666666665 0.29195023148148147 0.11963541666666666 0.07782986111111115
51 0.19276041666666666 0.2988368055555556 0.047343749999999976 0.04449652777777775
