100 0.16192129629629629 0.5497106481481481 0.09094328703703702 0.05407986111111107
55 0.2799189814814815 0.44768518518518513 0.16938657407407404 0.10769675925925917
148 0.15167824074074074 0.4249421296296296 0.06591435185185186 0.05237268518518512
148 0.15523726851851852 0.39221643518518523 0.06281828703703703 0.053038194444444464
148 0.16846064814814815 0.3731481481481481 0.07115162037037041 0.04632523148148149
4 0.25925925925925924 0.3506944444444445 0.1192997685185185 0.06137152777777786
82 0.3278935185185185 0.3141203703703704 0.10954861111111107 0.07193287037037033
21 0.5845486111111111 0.3549189814814815 0.1015625 0.0880208333333333
86 0.5234375 0.31510416666666663 0.09395254629629637 0.09320023148148149
10 0.4906828703703704 0.35457175925925927 0.07708333333333321 0.037962962962962976
