57 0.8161168981481481 0.31733217592592594 0.14487847222222214 0.12005208333333339
18 0.7603587962962963 0.16001157407407407 0.12456597222222214 0.07717013888888888
105 0.5662905092592593 0.2285011574074074 0.10896990740740745 0.07737268518518521
62 0.5254918981481481 0.30656828703703703 0.11588541666666678 0.0955729166666666
137 0.34765625 0.1813946759259259 0.12644675925925936 0.08582175925925925
138 0.1369212962962963 0.11585648148148149 0.14178240740740738 0.09965277777777777
13 0.18993055555555557 0.28321759259259255 0.12398726851851852 0.12473958333333339
126 0.25911458333333337 0.5291956018518519 0.05668402777777777 0.055931712962962975
126 0.2568287037037037 0.446412037037037 0.05370370370370363 0.03865740740740744
51 0.26050347222222225 0.48243634259259255 0.060821759259259256 0.04126157407407405
126 0.2625289351851852 0.4107349537037037 0.05471643518518512 0.04493634259259256
126 0.254369212962963 0.5063946759259259 0.051707175925925955 0.047945601851851906
126 0.30254629629629626 0.35370370370370374 0.051446759259259255 0.0409143518518519
105 0.2822627314814815 0.12201967592592593 0.11617476851851852 0.08232060185185186
18 0.23020833333333335 0.3596064814814815 0.10665509259259257 0.07806712962962958
126 0.27841435185185187 0.3340856481481481 0.0497395833333333 0.03695023148148149
137 0.5024305555555555 0.37905092592592593 0.11449652777777786 0.07913773148148148
62 0.38547453703703705 0.29670138888888886 0.1255497685185185 0.08266782407407405
126 0.2740162037037037 0.29959490740740746 0.05448495370370363 0.03868634259259256
57 0.7683738425925926 0.3764178240740741 0.13512731481481488 0.10954861111111117
51 0.7771412037037038 0.44461805555555556 0.06478587962962959 0.04296875
13 0.6312789351851852 0.3611979166666667 0.13556134259259256 0.12126736111111107
65 0.6353009259259259 0.2802083333333333 0.1276041666666668 0.09600694444444446
126 0.3130497685185185 0.2791956018518519 0.05326967592592595 0.04800347222222223
