20 0.22265625 0.525 0.2484375 0.1203125
135 0.234375 0.46015625 0.065625 0.04765625
135 0.59453125 0.35546875 0.05703125 0.053125
103 0.203125 0.51953125 0.1015625 0.05859375
142 0.353125 0.65 0.27578125 0.12109375
60 0.35703125 0.396875 0.05703125 0.03984375
135 0.7 0.4546875 0.04296875 0.03671875
10 0.41484375 0.39609375 0.03828125 0.02890625
10 0.4875 0.3859375 0.06796875 0.034375
135 0.53828125 0.36171875 0.05625 0.05
60 0.634375 0.38984375 0.0546875 0.04609375
10 0.42421875 0.3359375 0.06171875 0.04140625
10 0.496875 0.35546875 0.0359375 0.03125
