57 0.75625 0.29921875 0.12890625 0.10546875
57 0.6140625 0.2984375 0.1140625 0.1
51 0.72421875 0.45859375 0.05703125 0.0484375
18 0.709375 0.15625 0.1125 0.0671875
105 0.52890625 0.22578125 0.09765625 0.0671875
62 0.4890625 0.2984375 0.103125 0.084375
138 0.39921875 0.240625 0.10859375 0.07578125
57 0.34921875 0.3546875 0.11484375 0.09453125
51 0.253125 0.41328125 0.046875 0.040625
137 0.32890625 0.1890625 0.1140625 0.07421875
138 0.1375 0.13671875 0.1265625 0.0875
13 0.18046875 0.2890625 0.11015625 0.1109375
126 0.2046875 0.434375 0.05 0.04921875
126 0.23125 0.40234375 0.0453125 0.04765625
126 0.23359375 0.3734375 0.04765625 0.03359375
126 0.28359375 0.325 0.04921875 0.0390625
126 0.303125 0.30703125 0.04609375 0.0421875
126 0.16328125 0.25078125 0.04609375 0.0359375
105 0.27109375 0.1375 0.1046875 0.071875
65 0.46875 0.54296875 0.1375 0.08828125
