125 0.7504340277777779 0.3477951388888889 0.10578703703703703 0.09903356481481485
72 0.47453703703703703 0.2553125 0.3997106481481481 0.205318287037037
113 0.4313078703703703 0.2296875 0.34913194444444445 0.1656828703703704
126 0.25850694444444444 0.34171296296296294 0.06640625 0.04603009259259263
126 0.2208622685185185 0.3823090277777778 0.053761574074074045 0.04138310185185183
126 0.22491319444444446 0.512824074074074 0.057957175925925954 0.04942708333333332
126 0.22528935185185187 0.4807002314814815 0.052025462962962975 0.03660300925925917
126 0.2619502314814815 0.26556134259259256 0.059230324074074046 0.0417071759259259
126 0.25850694444444444 0.40513310185185186 0.06681134259259255 0.03592013888888897
126 0.24609375 0.4293576388888889 0.041869212962962976 0.03600115740740737
126 0.2533564814814815 0.4563310185185186 0.0479166666666667 0.030902777777777855
126 0.2758101851851852 0.36495949074074074 0.05494791666666661 0.05236689814814817
126 0.22337962962962962 0.30229745370370364 0.037962962962962976 0.03576967592592588
