10 0.6890856481481482 0.4161458333333333 0.04928240740740737 0.04375
10 0.7349884259259258 0.4356770833333333 0.05428819444444457 0.03630208333333336
10 0.6479456018518519 0.43536458333333333 0.060399305555555574 0.034375
84 0.6405034722222223 0.3227083333333333 0.06652199074074083 0.05890624999999998
60 0.2051909722222222 0.3360416666666667 0.06422453703703708 0.059531250000000036
135 0.3421354166666667 0.24869791666666669 0.06307870370370372 0.06645833333333329
135 0.4539872685185185 0.2671354166666667 0.07966435185185183 0.05744791666666664
135 0.40050347222222216 0.24317708333333332 0.06311921296296283 0.05401041666666666
69 0.3240162037037037 0.48828125 0.13827546296296295 0.10104166666666661
10 0.5863310185185184 0.40302083333333333 0.04844907407407391 0.0296875
10 0.6510879629629629 0.3955729166666667 0.04592013888888893 0.026406249999999964
142 0.5831018518518519 0.5369270833333333 0.2764351851851853 0.1476041666666667
