127 0.35546875 0.5578125 0.11953125 0.10703125
22 0.43828125 0.49609375 0.09921875 0.07578125
27 0.6640625 0.55703125 0.1734375 0.0796875
53 0.6390625 0.5265625 0.078125 0.046875
22 0.71328125 0.53359375 0.0828125 0.0609375
53 0.1984375 0.54375 0.0578125 0.0484375
107 0.2703125 0.54375 0.0765625 0.053125
22 0.30078125 0.53125 0.0625 0.06015625
27 0.3515625 0.64921875 0.0546875 0.0671875
27 0.403125 0.64375 0.0703125 0.06484375
27 0.22109375 0.51640625 0.15625 0.06875
96 0.75078125 0.2640625 0.09921875 0.09765625
122 0.21015625 0.47734375 0.10546875 0.065625
141 0.5984375 0.0890625 0.09140625 0.090625
