48 0.27631944444444445 0.33368055555555554 0.13036458333333334 0.08293402777777778
10 0.8117939814814814 0.3176736111111111 0.05773726851851855 0.040746527777777784
114 0.8185011574074075 0.42802083333333335 0.11254050925925937 0.0977256944444445
72 0.7966608796296296 0.5598958333333333 0.345474537037037 0.17586805555555554
126 0.9005497685185186 0.5950173611111111 0.060729166666666855 0.05178819444444436
10 0.9106770833333334 0.34522569444444445 0.06554976851851854 0.04109374999999993
10 0.8542476851851852 0.33760416666666665 0.07597800925925924 0.03298611111111107
10 0.9305439814814814 0.3123958333333333 0.06366319444444457 0.035555555555555604
10 0.8762789351851852 0.29454861111111114 0.06430555555555557 0.033246527777777854
126 0.7380960648148148 0.6014583333333333 0.055480324074074085 0.028958333333333287
126 0.6759895833333334 0.545 0.05681712962962955 0.03836805555555554
126 0.8669791666666666 0.5435243055555555 0.05769097222222221 0.03996527777777779
