100 0.31588541666666664 0.66953125 0.08614004629629628 0.05328125000000004
55 0.33770254629629626 0.5033854166666666 0.14542824074074084 0.09697916666666657
148 0.21223958333333334 0.5286979166666667 0.06192129629629628 0.05166666666666657
148 0.20946180555555555 0.49796874999999996 0.05957754629629637 0.05151041666666671
148 0.2140914351851852 0.47869791666666667 0.06715856481481489 0.045781249999999926
4 0.38492476851851853 0.4971354166666666 0.11215277777777785 0.06125000000000007
82 0.2733506944444445 0.40119791666666665 0.10315393518518512 0.07078124999999993
21 0.686400462962963 0.5407291666666667 0.09592013888888892 0.08588541666666671
86 0.6026909722222222 0.4325520833333333 0.08828125 0.09005208333333332
10 0.5888599537037036 0.5310937499999999 0.0510706018518519 0.03223958333333332
10 0.6440104166666666 0.50109375 0.053298611111111074 0.029270833333333357
108 0.6714409722222222 0.43713541666666667 0.08538773148148149 0.07505208333333328
100 0.34618055555555555 0.3802083333333333 0.11903935185185191 0.0578125
55 0.47748842592592594 0.36624999999999996 0.13903356481481488 0.11369791666666665
