128 0.3898553240740741 0.5029976851851852 0.0991782407407408 0.05583333333333336
7 0.5530902777777778 0.6018229166666667 0.07493634259259245 0.0528356481481481
7 0.6101678240740741 0.595318287037037 0.07708333333333339 0.039693287037037096
7 0.22520254629629627 0.5525636574074074 0.06781249999999997 0.04616898148148145
7 0.28620949074074076 0.5442650462962962 0.08809027777777781 0.04502893518518505
58 0.2207175925925926 0.3811053240740741 0.14339120370370367 0.08967592592592596
126 0.2359722222222222 0.4051793981481482 0.03090856481481481 0.03149305555555557
114 0.26383101851851853 0.5268576388888888 0.10498263888888885 0.07881365740740734
128 0.4681770833333333 0.4850868055555555 0.09304398148148145 0.06327546296296305
128 0.38805555555555554 0.46641782407407406 0.09615740740740737 0.0626793981481482
5 0.21925347222222222 0.42724537037037036 0.11167245370370367 0.10887152777777782
126 0.697511574074074 0.4426157407407407 0.04504050925925931 0.03701388888888886
144 0.2321527777777778 0.3468634259259259 0.08969907407407404 0.048246527777777715
126 0.28902199074074075 0.3544212962962963 0.044201388888888894 0.033061342592592614
