18 0.7127662037037037 0.34182291666666664 0.12789930555555565 0.07688657407407415
137 0.3667592592592593 0.3586689814814815 0.12790509259259258 0.07766782407407406
60 0.31817708333333333 0.3398553240740741 0.04409722222222223 0.047523148148148134
65 0.3727025462962963 0.3171701388888889 0.12098958333333334 0.09318865740740741
57 0.20824074074074073 0.26569444444444446 0.12103587962962958 0.0994386574074074
105 0.34629629629629627 0.23317708333333337 0.1130613425925926 0.07744791666666666
13 0.6191377314814815 0.2541377314814815 0.10935185185185184 0.10395254629629633
17 0.4856076388888889 0.26471064814814815 0.1138831018518518 0.08292824074074075
138 0.477361111111111 0.20623263888888888 0.1138599537037038 0.07980324074074074
60 0.24046296296296296 0.39648148148148155 0.05818865740740744 0.05163773148148145
126 0.6977893518518519 0.4295543981481481 0.05576967592592581 0.04144675925925938
126 0.6556481481481482 0.3309490740740741 0.04875000000000007 0.042905092592592634
138 0.568119212962963 0.3283391203703704 0.10456597222222222 0.09060185185185184
126 0.6288715277777778 0.30243634259259256 0.04243055555555557 0.03343749999999997
51 0.20347800925925927 0.36108796296296297 0.055752314814814775 0.039103009259259205
13 0.7583217592592593 0.2684837962962963 0.1147743055555555 0.09778356481481483
