142 0.625 0.528125 0.24765625 0.11953125
10 0.728125 0.55234375 0.04296875 0.0375
10 0.38359375 0.45859375 0.0484375 0.03046875
84 0.68984375 0.52421875 0.0609375 0.0328125
60 0.253125 0.55234375 0.05546875 0.05078125
135 0.25703125 0.3703125 0.05078125 0.04296875
135 0.6390625 0.35859375 0.0703125 0.0484375
135 0.275 0.3453125 0.05546875 0.04609375
10 0.58984375 0.56953125 0.04296875 0.02421875
10 0.3375 0.48203125 0.0546875 0.021875
120 0.50234375 0.1578125 0.1171875 0.090625
10 0.3625 0.5125 0.0609375 0.0328125
