125 0.69609375 0.47109375 0.08984375 0.0765625
126 0.2109375 0.590625 0.0578125 0.03125
126 0.26875 0.61015625 0.05 0.0375
126 0.3640625 0.64296875 0.04609375 0.04375
126 0.26640625 0.57734375 0.05078125 0.0359375
126 0.29296875 0.6359375 0.0421875 0.02890625
126 0.29765625 0.57109375 0.05 0.03671875
126 0.30625 0.61171875 0.0515625 0.0390625
126 0.24375 0.54375 0.04921875 0.03125
113 0.44140625 0.35390625 0.315625 0.1484375
56 0.171875 0.353125 0.26328125 0.11796875
120 0.53046875 0.15390625 0.11953125 0.07734375
