71 0.24432870370370371 0.3161805555555556 0.14542824074074073 0.09065972222222225
66 0.2554976851851852 0.24645833333333336 0.13159722222222223 0.09659722222222218
26 0.28923611111111114 0.15750000000000003 0.17332175925925924 0.10611111111111109
123 0.2967592592592593 0.1229861111111111 0.12925347222222222 0.0965451388888889
125 0.611574074074074 0.13784722222222223 0.1009837962962962 0.09201388888888888
125 0.35497685185185185 0.15291666666666667 0.07879050925925926 0.08293402777777778
125 0.6601273148148148 0.15472222222222223 0.07013888888888893 0.08118055555555555
125 0.14146412037037037 0.16390625 0.06941550925925925 0.08272569444444447
125 0.10943287037037037 0.14354166666666668 0.09007523148148149 0.09255208333333335
134 0.3564814814814815 0.07013888888888889 0.11906828703703702 0.09553819444444445
