100 0.36328125 0.6390625 0.08125 0.04609375
55 0.35859375 0.47265625 0.1375 0.08515625
148 0.3390625 0.584375 0.0578125 0.04609375
148 0.31171875 0.5578125 0.06328125 0.03984375
148 0.3625 0.56953125 0.071875 0.0453125
148 0.3828125 0.54765625 0.06328125 0.04453125
148 0.34296875 0.52890625 0.0609375 0.040625
4 0.4125 0.5125 0.10625 0.05234375
82 0.28984375 0.58203125 0.0796875 0.05
86 0.55703125 0.5265625 0.08203125 0.08125
10 0.53671875 0.59609375 0.05078125 0.0390625
10 0.4875 0.58203125 0.0484375 0.028125
10 0.42109375 0.58984375 0.05078125 0.02421875
108 0.65546875 0.5796875 0.0796875 0.0671875
100 0.26328125 0.62890625 0.08125 0.03359375
21 0.49296875 0.56171875 0.09609375 0.06796875
55 0.496875 0.47421875 0.096875 0.07578125
21 0.596875 0.6296875 0.10234375 0.08359375
86 0.5265625 0.44296875 0.11015625 0.08046875
148 0.27421875 0.55 0.08046875 0.05078125
10 0.5546875 0.58203125 0.03515625 0.02578125
10 0.56640625 0.60859375 0.04453125 0.0328125
