126 0.646875 0.33515625 0.04609375 0.0359375
105 0.27109375 0.1375 0.1046875 0.071875
18 0.2265625 0.35546875 0.09609375 0.06875
137 0.46484375 0.36640625 0.103125 0.06875
17 0.2296875 0.51484375 0.07890625 0.059375
13 0.58359375 0.3453125 0.1203125 0.10703125
126 0.61640625 0.3140625 0.0515625 0.02578125
105 0.35234375 0.2390625 0.09765625 0.04765625
126 0.68984375 0.46640625 0.03203125 0.0296875
13 0.615625 0.26640625 0.1234375 0.1046875
62 0.4921875 0.271875 0.1109375 0.0765625
138 0.49140625 0.21484375 0.115625 0.06640625
57 0.22578125 0.278125 0.11796875 0.09140625
51 0.20625 0.4390625 0.04765625 0.03359375
137 0.375 0.3640625 0.0953125 0.07109375
18 0.70859375 0.35625 0.10703125 0.078125
126 0.6921875 0.4421875 0.03984375 0.03203125
