18 0.7312557870370371 0.32477430555555553 0.13123263888888897 0.08160300925925927
136 0.3873321759259259 0.3543576388888889 0.13127314814814817 0.08238425925925927
105 0.36985532407407407 0.3043460648148148 0.12010416666666668 0.06232638888888893
126 0.6863773148148148 0.35060185185185183 0.04224537037037042 0.03335648148148147
138 0.5866956018518519 0.3166030092592592 0.1084837962962963 0.09366898148148142
13 0.7736226851851852 0.25050925925925926 0.11826388888888886 0.10196759259259255
126 0.6659548611111111 0.3344270833333333 0.04120949074074076 0.04343171296296298
126 0.666880787037037 0.3069618055555556 0.04775462962962962 0.03442129629629633
126 0.6641145833333333 0.2687210648148148 0.032951388888889 0.03443287037037042
126 0.6012905092592593 0.2657118055555555 0.043229166666666784 0.03730324074074076
137 0.25006365740740744 0.27530671296296294 0.10577546296296295 0.08651620370370364
18 0.4105266203703704 0.24270254629629626 0.1325810185185185 0.09258101851851848
