128 0.40576388888888887 0.3840104166666667 0.10114583333333335 0.057488425925925936
5 0.29378472222222224 0.5076793981481481 0.11460069444444443 0.10119791666666664
7 0.6753472222222221 0.4710243055555556 0.07609375000000007 0.05366319444444443
7 0.676579861111111 0.45066550925925936 0.07814236111111121 0.04052083333333343
7 0.2556423611111111 0.468587962962963 0.08918402777777779 0.04585648148148138
7 0.2662152777777778 0.4492361111111111 0.0766319444444445 0.04277199074074076
58 0.24871527777777777 0.2536574074074074 0.1455729166666667 0.09054976851851855
144 0.28583333333333333 0.1984027777777778 0.08737847222222221 0.06993634259259256
126 0.6514756944444444 0.21106481481481482 0.03822916666666672 0.03503472222222222
114 0.26944444444444443 0.2688136574074074 0.15369791666666668 0.06996527777777777
128 0.5050694444444443 0.268894675925926 0.09505208333333322 0.06414930555555554
128 0.3676215277777778 0.2746990740740741 0.09815972222222218 0.06355324074074069
