135 0.6855034722222222 0.3779224537037037 0.06409143518518512 0.043894675925925955
135 0.6993344907407407 0.4351273148148148 0.06252893518518512 0.04387152777777779
60 0.7015914351851852 0.474982638888889 0.07013888888888893 0.03851851851851862
135 0.19574652777777776 0.3940914351851852 0.05818865740740744 0.03209490740740737
97 0.24782986111111108 0.38783564814814814 0.09236111111111107 0.09038194444444443
135 0.26087962962962963 0.4450289351851852 0.07097800925925926 0.04009259259259253
10 0.3495081018518519 0.3503009259259259 0.05928819444444446 0.040700231481481455
10 0.36733217592592593 0.3044965277777778 0.05818865740740744 0.03209490740740737
10 0.2286747685185185 0.3133738425925926 0.07285879629629628 0.027627314814814775
10 0.301880787037037 0.2871296296296296 0.055931712962962975 0.03440393518518512
