125 0.6987673611111112 0.4970833333333333 0.10324652777777779 0.092829861111111
72 0.4211111111111111 0.30828125 0.38987847222222227 0.18505208333333326
113 0.3784895833333334 0.2800173611111111 0.33984375 0.14803819444444438
126 0.5677430555555556 0.3060763888888889 0.04571180555555561 0.02755208333333332
126 0.2757291666666667 0.3386111111111111 0.052447916666666664 0.03862847222222223
126 0.23043402777777774 0.5311631944444445 0.05666666666666664 0.04574652777777786
126 0.18246527777777777 0.5230729166666667 0.05067708333333334 0.03390625000000007
126 0.21421874999999999 0.4824131944444444 0.06545138888888893 0.032673611111111
126 0.16703125000000002 0.43921875000000005 0.04052083333333334 0.03368055555555571
126 0.20805555555555558 0.5017881944444443 0.046527777777777765 0.02835069444444436
126 0.19270833333333331 0.4023263888888889 0.04411458333333331 0.02673611111111107
121 0.3702777777777778 0.32354166666666667 0.0971354166666667 0.060694444444444426
