97 0.66875 0.5925868055555557 0.15578125000000007 0.11895254629629619
135 0.16411458333333334 0.6207233796296296 0.08125 0.06317708333333343
10 0.53609375 0.38236689814814817 0.09098958333333336 0.04585648148148156
10 0.379375 0.40366898148148145 0.06020833333333329 0.03936342592592599
10 0.5423958333333333 0.4290162037037037 0.06843749999999993 0.03440393518518512
84 0.22718750000000001 0.3217071759259259 0.0677083333333333 0.046811342592592634
135 0.4959895833333333 0.266261574074074 0.059687500000000074 0.04322337962962965
135 0.29302083333333334 0.24011574074074074 0.07531249999999998 0.05582175925925927
60 0.3067708333333333 0.280931712962963 0.053749999999999964 0.047540509259259255
135 0.3499479166666667 0.2568229166666667 0.058333333333333307 0.04625578703703699
135 0.37083333333333335 0.22590277777777779 0.054479166666666676 0.0468055555555555
135 0.42109375 0.21319444444444446 0.05453124999999996 0.0475868055555555
10 0.36703125000000003 0.3770543981481482 0.06307291666666667 0.035642361111111145
10 0.4080729166666667 0.36144675925925923 0.08401041666666664 0.03454861111111107
