18 0.7219270833333333 0.3327488425925926 0.12901041666666657 0.07877314814814813
137 0.37765624999999997 0.3546759259259259 0.1290277777777778 0.07955439814814813
105 0.3617013888888889 0.3051157407407407 0.11843750000000001 0.05972222222222223
57 0.21852430555555555 0.2647974537037037 0.12248263888888893 0.10122106481481481
138 0.4852777777777778 0.20217013888888888 0.11501736111111108 0.08148148148148149
60 0.3213020833333333 0.6330902777777778 0.058940972222222235 0.0524942129629629
126 0.6571701388888889 0.3033969907407407 0.056371527777777784 0.0422685185185185
138 0.5778298611111111 0.3213831018518518 0.10586805555555542 0.09135995370370367
13 0.7664236111111111 0.25950810185185186 0.11541666666666668 0.0994502314814815
60 0.2972048611111111 0.6040972222222222 0.05236111111111112 0.03746527777777775
51 0.21399305555555553 0.41268518518518515 0.05638888888888891 0.043049768518518584
60 0.28260416666666666 0.580295138888889 0.06315972222222221 0.0315393518518519
