18 0.7493576388888888 0.34381944444444446 0.14111111111111113 0.08328703703703706
137 0.3772569444444444 0.3618402777777778 0.1411458333333333 0.08406828703703706
105 0.35842013888888885 0.30739583333333337 0.12927083333333336 0.06281250000000008
138 0.49038194444444444 0.19833912037037038 0.12562499999999996 0.08618055555555557
60 0.3830208333333333 0.6674247685185185 0.06493055555555553 0.055613425925925955
126 0.6863368055555557 0.36820601851851853 0.0452430555555555 0.03424189814814813
138 0.593125 0.3289351851851852 0.11595486111111111 0.09696759259259266
13 0.7951041666666667 0.2649652777777778 0.1272743055555555 0.10572337962962966
60 0.38159722222222225 0.6353935185185186 0.057204861111111074 0.0398842592592592
51 0.20659722222222224 0.4972685185185185 0.06135416666666664 0.04541087962962962
51 0.17614583333333336 0.3046238425925926 0.07553819444444443 0.06592013888888885
126 0.6771006944444444 0.3362905092592593 0.05074652777777775 0.035104166666666714
126 0.5244618055555555 0.24395833333333333 0.03519097222222225 0.03643518518518522
