18 0.71328125 0.3578125 0.12578125 0.07421875
137 0.3734375 0.36875 0.12578125 0.075
60 0.24609375 0.53203125 0.04296875 0.04609375
65 0.3796875 0.328125 0.11796875 0.08984375
57 0.21796875 0.275 0.11875 0.09609375
13 0.621875 0.2703125 0.10703125 0.10078125
138 0.4828125 0.22109375 0.11171875 0.07734375
60 0.3703125 0.6421875 0.05703125 0.05
126 0.67421875 0.42421875 0.0546875 0.03984375
126 0.71328125 0.4203125 0.04140625 0.03515625
126 0.66953125 0.40546875 0.04765625 0.04140625
138 0.57109375 0.3421875 0.10234375 0.0875
126 0.7046875 0.39609375 0.04140625 0.0328125
51 0.2125 0.5078125 0.0546875 0.0375
13 0.75859375 0.28671875 0.1125 0.09453125
60 0.25625 0.39375 0.05859375 0.0421875
17 0.65859375 0.32421875 0.0859375 0.04765625
