135 0.190625 0.58984375 0.05 0.03671875
135 0.22890625 0.54921875 0.04921875 0.0328125
135 0.2953125 0.5484375 0.0578125 0.03203125
97 0.61328125 0.6203125 0.125 0.1109375
135 0.69765625 0.55703125 0.06171875 0.04375
135 0.6421875 0.53515625 0.05625 0.05
10 0.521875 0.5671875 0.040625 0.03359375
10 0.559375 0.56015625 0.05078125 0.03046875
10 0.525 0.54296875 0.053125 0.03125
10 0.4703125 0.55703125 0.06875 0.03046875
84 0.69765625 0.47578125 0.07109375 0.0453125
60 0.265625 0.35234375 0.0609375 0.0390625
60 0.665625 0.32890625 0.04765625 0.03671875
135 0.2359375 0.5046875 0.06171875 0.0375
135 0.2640625 0.30703125 0.05078125 0.03359375
135 0.6671875 0.2875 0.0609375 0.03515625
135 0.684375 0.39296875 0.0421875 0.0375
