122 0.14604166666666668 0.53984375 0.11947916666666662 0.06953125
27 0.20479166666666665 0.4671875 0.153125 0.0703125
27 0.5355729166666666 0.23984375 0.17218750000000008 0.075
22 0.500625 0.178125 0.09864583333333332 0.05
96 0.5490625 0.37734375 0.13291666666666657 0.06015625
107 0.5448958333333334 0.334375 0.11125000000000007 0.0515625
126 0.13484375 0.46171875 0.04901041666666668 0.03203125
126 0.1575 0.4265625 0.04364583333333334 0.021875
141 0.1872916666666667 0.41328125 0.09328124999999998 0.0515625
126 0.2575520833333333 0.47265625 0.05697916666666671 0.034375
126 0.2927604166666667 0.4484375 0.05515624999999993 0.03046875
126 0.24291666666666667 0.42265625 0.032760416666666625 0.034375
