58 0.1852777777777778 0.5312962962962964 0.1491087962962963 0.09256365740740727
11 0.6385127314814815 0.5275115740740741 0.11047453703703702 0.06957754629629634
114 0.6349247685185185 0.5665277777777777 0.11124421296296294 0.08442129629629633
144 0.27225115740740746 0.22715277777777776 0.08210648148148145 0.06405671296296296
64 0.18927083333333333 0.4844675925925926 0.10637731481481483 0.050734953703703664
126 0.25225694444444446 0.26568287037037036 0.054288194444444396 0.03905092592592592
126 0.30394675925925924 0.21948495370370372 0.05913773148148147 0.042314814814814826
7 0.3505787037037037 0.3311921296296297 0.07598958333333332 0.05139467592592588
7 0.36564236111111115 0.2972106481481481 0.06805555555555554 0.048819444444444485
7 0.5331597222222222 0.35616319444444444 0.08141782407407412 0.05077546296296305
7 0.5673090277777778 0.33135416666666667 0.07973379629629633 0.048385416666666715
7 0.5524016203703704 0.3019618055555556 0.08446180555555571 0.04930555555555553
126 0.22083912037037035 0.3132638888888889 0.03821759259259263 0.02999421296296294
