87 0.35836805555555556 0.3212673611111111 0.15359374999999992 0.13687500000000002
146 0.7065277777777779 0.3424652777777778 0.14013888888888887 0.09755208333333334
67 0.5071354166666666 0.20222222222222222 0.13972222222222222 0.08817708333333334
7 0.16482638888888887 0.3654513888888889 0.10324652777777779 0.05770833333333334
7 0.1618923611111111 0.31703125 0.09998263888888888 0.05451388888888893
135 0.7747048611111111 0.34564236111111113 0.06350694444444435 0.05916666666666668
135 0.6918229166666666 0.31072916666666667 0.06517361111111111 0.06154513888888893
135 0.6485763888888889 0.30543402777777773 0.04284722222222222 0.05090277777777778
135 0.61609375 0.29598958333333336 0.045763888888888896 0.0462847222222222
146 0.5050347222222221 0.34850694444444447 0.13904513888888878 0.09050347222222221
67 0.21602430555555557 0.33850694444444446 0.14611111111111114 0.09144097222222225
