58 0.24133680555555553 0.5149652777777778 0.1503414351851852 0.09718750000000007
11 0.7438194444444444 0.4973263888888889 0.11642361111111103 0.0847569444444444
144 0.261082175925926 0.3365104166666667 0.09495949074074073 0.07131944444444445
126 0.21343171296296296 0.36522569444444447 0.055040509259259275 0.04067708333333329
126 0.19740162037037037 0.40505208333333337 0.03833333333333333 0.02979166666666657
7 0.23743055555555553 0.40953125 0.07648148148148151 0.05333333333333332
7 0.2534375 0.3689236111111111 0.09966435185185185 0.045781250000000016
7 0.7285185185185185 0.40335069444444444 0.07726273148148159 0.05336805555555557
7 0.7230208333333333 0.37621527777777775 0.08865740740740743 0.04295138888888887
7 0.7080555555555555 0.3463715277777778 0.0850057870370371 0.0513715277777778
126 0.16664930555555557 0.3704340277777778 0.03837962962962962 0.03135416666666666
126 0.2086747685185185 0.3630902777777778 0.0428587962962963 0.02453125000000007
64 0.37061342592592594 0.31052083333333336 0.13515046296296296 0.08480902777777785
126 0.30060763888888886 0.35039930555555554 0.036817129629629616 0.03128472222222225
64 0.3094733796296296 0.5440104166666666 0.1351273148148148 0.08402777777777785
