146 0.42072916666666665 0.23252314814814815 0.14499999999999993 0.09421296296296297
135 0.2576041666666667 0.5530671296296296 0.05234375 0.0370081018518519
67 0.16755208333333332 0.14169560185185187 0.11916666666666668 0.08078703703703702
135 0.16807291666666666 0.48631365740740745 0.06135416666666664 0.04357638888888893
7 0.67359375 0.5747395833333333 0.08062499999999986 0.04039351851851851
116 0.5451041666666667 0.5049768518518519 0.3038541666666667 0.15075231481481488
7 0.6683333333333333 0.5479166666666667 0.08630208333333336 0.03203125
87 0.4296354166666667 0.29864004629629626 0.11161458333333343 0.10778356481481488
9 0.2930208333333334 0.2802662037037037 0.11947916666666672 0.08547453703703703
7 0.1971875 0.5429976851851852 0.07598958333333332 0.04100115740740744
7 0.21125 0.5200231481481481 0.08744791666666671 0.03752893518518512
7 0.20067708333333334 0.5024016203703704 0.09385416666666666 0.04010416666666679
67 0.5646875 0.281712962962963 0.13552083333333337 0.09230324074074074
135 0.6903124999999999 0.4414351851851851 0.05848958333333343 0.047366898148148096
135 0.6446875000000001 0.43269675925925927 0.05088541666666657 0.05020254629629637
135 0.1798958333333333 0.46168981481481486 0.06260416666666666 0.03894675925925917
135 0.17651041666666667 0.4419849537037037 0.0609375 0.03732638888888893
116 0.45609374999999996 0.5948784722222222 0.2921354166666667 0.15031828703703703
135 0.63625 0.4065393518518519 0.053749999999999964 0.04641203703703702
133 0.276875 0.45196759259259256 0.13484374999999993 0.08214699074074083
8 0.32765625 0.37161458333333336 0.1482291666666667 0.060821759259259256
7 0.6309895833333334 0.2152488425925926 0.054010416666666575 0.03862847222222223
7 0.64265625 0.18122106481481481 0.07619791666666664 0.0441261574074074
