57 0.7650231481481482 0.24567708333333335 0.13442129629629634 0.11578125000000003
57 0.6212500000000001 0.2544791666666667 0.118611111111111 0.10848958333333333
51 0.6810127314814816 0.34286458333333336 0.059270833333333425 0.05307291666666671
18 0.7138657407407407 0.10427083333333334 0.1152951388888889 0.07552083333333334
105 0.532355324074074 0.18682291666666667 0.1004513888888889 0.07453124999999998
62 0.49390625000000005 0.26296875000000003 0.10721064814814803 0.09213541666666672
138 0.4015451388888889 0.2104166666666667 0.11242476851851854 0.08390625000000007
57 0.35497106481481483 0.32937500000000003 0.1192303240740741 0.10307291666666671
137 0.3289236111111111 0.16359374999999998 0.11787037037037038 0.08348958333333334
138 0.1327951388888889 0.12265625 0.13152199074074072 0.096875
13 0.18112847222222223 0.2744270833333333 0.11502893518518516 0.11916666666666664
126 0.3068634259259259 0.4758333333333333 0.05226273148148151 0.05338541666666678
126 0.23980902777777774 0.45838541666666666 0.047505787037037096 0.050729166666666714
126 0.2659780092592593 0.44333333333333336 0.04945601851851844 0.03760416666666657
126 0.24873263888888886 0.38968749999999996 0.051180555555555604 0.043177083333333324
126 0.26368634259259255 0.36598958333333337 0.04814814814814809 0.04609375
126 0.24347800925925922 0.3180208333333333 0.047939814814814775 0.0390625
105 0.26875578703703706 0.114375 0.1084027777777778 0.07973958333333334
60 0.45248263888888884 0.5029166666666667 0.057476851851851765 0.04515624999999997
126 0.24528935185185183 0.29989583333333336 0.04628472222222228 0.03583333333333334
13 0.588287037037037 0.30442708333333335 0.12166666666666667 0.10635416666666667
126 0.13228587962962962 0.2111458333333333 0.03844907407407407 0.034531250000000034
126 0.15188078703703706 0.1855729166666667 0.05239583333333333 0.03156249999999998
126 0.3551388888888889 0.25578124999999996 0.0392534722222222 0.035364583333333324
126 0.3978993055555555 0.2458854166666667 0.039826388888888876 0.028385416666666607
51 0.7622743055555555 0.28500000000000003 0.056099537037037094 0.051302083333333304
60 0.4984375 0.49515624999999996 0.03943865740740744 0.041614583333333496
136 0.46620949074074075 0.3321354166666667 0.10932291666666671 0.08447916666666666
