87 0.4141493055555555 0.2689236111111111 0.13527199074074084 0.10891782407407406
9 0.1541087962962963 0.1579224537037037 0.12497106481481483 0.09627893518518515
67 0.653443287037037 0.16375578703703703 0.13197337962962957 0.08545717592592594
146 0.635792824074074 0.3598032407407407 0.14285300925925917 0.08483796296296298
135 0.6833912037037037 0.46687500000000004 0.06426504629629619 0.03528935185185187
135 0.7252314814814815 0.4510706018518518 0.04803240740740744 0.037390046296296296
135 0.6320023148148148 0.44265046296296295 0.047800925925925955 0.0342650462962963
7 0.09088541666666666 0.3251388888888889 0.0743923611111111 0.04558449074074069
7 0.12042824074074074 0.29585648148148147 0.0839699074074074 0.03792245370370369
67 0.4616608796296296 0.2187905092592593 0.13081597222222213 0.06983217592592598
