97 0.17902199074074074 0.4411979166666667 0.126712962962963 0.12395833333333339
10 0.2896643518518519 0.3759895833333333 0.07236111111111114 0.03760416666666666
10 0.33032986111111107 0.4341145833333334 0.08186342592592588 0.046822916666666714
10 0.5810127314814815 0.39151041666666664 0.04514467592592588 0.04437499999999996
135 0.24219328703703705 0.49067708333333326 0.06715856481481479 0.055208333333333214
60 0.23052662037037036 0.44072916666666667 0.042789351851851884 0.04343749999999993
135 0.6471585648148148 0.43104166666666666 0.06159722222222221 0.04859375000000003
10 0.3925810185185185 0.3688020833333333 0.05757523148148147 0.04052083333333334
10 0.550619212962963 0.44723958333333336 0.04196180555555564 0.040260416666666646
60 0.6886979166666667 0.49546875 0.06631944444444446 0.05124999999999993
135 0.6564467592592592 0.47848958333333336 0.043616898148148134 0.046614583333333216
60 0.7326446759259259 0.5116666666666666 0.06770833333333322 0.03963541666666668
