55 0.3322395833333333 0.3709664351851852 0.11854166666666668 0.09229166666666674
86 0.3374479166666667 0.4139699074074074 0.14911458333333333 0.08259837962962954
148 0.24932291666666667 0.4384201388888889 0.08119791666666672 0.04725115740740744
100 0.240625 0.5420949074074074 0.09005208333333332 0.051284722222222176
108 0.2770833333333333 0.26946759259259256 0.07984375000000003 0.08547453703703703
4 0.59859375 0.3858391203703704 0.1240104166666665 0.06895833333333332
10 0.21916666666666665 0.25534143518518515 0.04901041666666668 0.04443287037037038
10 0.3408333333333333 0.2657291666666667 0.06734375000000004 0.0384606481481482
86 0.3833333333333333 0.1539699074074074 0.11447916666666665 0.07818287037037037
21 0.45901041666666664 0.27060185185185187 0.11750000000000008 0.08837384259259258
