128 0.3515104166666666 0.4728125 0.09760416666666671 0.05065393518518526
7 0.6622511574074074 0.5869328703703703 0.07336226851851854 0.04873263888888886
7 0.6532581018518518 0.5612905092592593 0.07552083333333322 0.036267361111111104
7 0.2157060185185185 0.5185648148148149 0.08651620370370364 0.04033564814814809
7 0.27579282407407407 0.5223611111111112 0.07398148148148147 0.03780671296296294
58 0.2519733796296296 0.33759837962962963 0.1402430555555556 0.08174768518518523
126 0.2723611111111111 0.38494212962962965 0.030115740740740728 0.02934606481481481
144 0.2609837962962963 0.3093460648148148 0.07739583333333329 0.057384259259259274
114 0.24234375 0.4603703703703704 0.10261574074074079 0.07259837962962959
128 0.4982870370370371 0.42455439814814816 0.09146990740740754 0.058373842592592595
128 0.3638310185185185 0.43201388888888886 0.09458333333333328 0.05763888888888893
5 0.145625 0.3985358796296296 0.1204976851851852 0.11972800925925924
126 0.16208333333333333 0.34205439814814814 0.034780092592592605 0.02785300925925931
126 0.6746238425925926 0.38445023148148144 0.04425925925925931 0.03502314814814813
