125 0.7106018518518519 0.5181597222222223 0.09930555555555554 0.08633680555555542
126 0.18571180555555555 0.6231249999999999 0.06349537037037037 0.03637152777777786
126 0.24680555555555558 0.6469618055555555 0.055086805555555604 0.04223958333333329
126 0.3488888888888889 0.6867013888888889 0.05138888888888893 0.049097222222222216
126 0.24550347222222219 0.6117013888888889 0.05584490740740744 0.04149305555555553
126 0.27177662037037037 0.6754513888888889 0.046238425925925954 0.03326388888888889
126 0.27930555555555553 0.6061631944444444 0.05506365740740744 0.041458333333333285
126 0.28738425925925926 0.6503298611111111 0.05671875000000002 0.044652777777777784
126 0.22234953703703705 0.5746874999999999 0.05412037037037036 0.035954861111111215
113 0.4408912037037037 0.3802256944444445 0.34456597222222207 0.17447916666666669
56 0.15109375 0.36578125 0.2865625 0.1391319444444444
120 0.5433275462962963 0.17043402777777777 0.1305787037037037 0.08850694444444444
