60 0.3109375 0.6296875 0.05078125 0.03828125
60 0.2859375 0.5796875 0.0421875 0.03515625
60 0.35625 0.5828125 0.0578125 0.04296875
135 0.190625 0.58984375 0.05 0.03671875
135 0.23046875 0.55546875 0.04921875 0.0328125
135 0.2953125 0.55703125 0.0578125 0.03203125
97 0.65703125 0.6078125 0.125 0.1109375
135 0.69765625 0.55703125 0.06171875 0.04375
135 0.6421875 0.53515625 0.05625 0.05
10 0.515625 0.64140625 0.040625 0.03359375
10 0.55703125 0.6359375 0.05078125 0.03046875
10 0.53046875 0.60078125 0.053125 0.03125
10 0.56796875 0.521875 0.06875 0.03046875
10 0.525 0.48515625 0.04921875 0.028125
10 0.5953125 0.48984375 0.0390625 0.03125
84 0.68671875 0.40390625 0.07109375 0.0453125
60 0.3203125 0.28203125 0.0609375 0.0390625
60 0.6078125 0.27578125 0.04765625 0.03671875
135 0.56484375 0.23359375 0.06875 0.05234375
135 0.3359375 0.2296875 0.0578125 0.04609375
135 0.671875 0.31953125 0.0609375 0.03515625
