60 0.6767708333333333 0.5100810185185185 0.06583333333333333 0.051851851851851906
126 0.1471875 0.4341145833333333 0.06958333333333333 0.03792824074074073
60 0.11197916666666666 0.4690798611111111 0.06375000000000001 0.04399305555555557
57 0.27859375000000003 0.3652083333333333 0.1382291666666667 0.10857638888888888
57 0.5766145833333333 0.30984953703703705 0.13479166666666664 0.1037962962962963
105 0.4213020833333333 0.37335069444444446 0.13427083333333342 0.08428819444444446
105 0.47895833333333326 0.22476273148148146 0.12302083333333336 0.0792766203703704
137 0.30791666666666667 0.3128472222222222 0.11036458333333332 0.0765625
137 0.26057291666666665 0.17758680555555556 0.12057291666666661 0.08934027777777778
62 0.4330729166666666 0.30246527777777776 0.11557291666666672 0.08451388888888892
13 0.08583333333333334 0.2859143518518518 0.1275 0.12307291666666664
138 0.33390624999999996 0.2400347222222222 0.11302083333333339 0.0813194444444445
138 0.0517578125 0.12427662037037038 0.103515625 0.08446759259259258
126 0.17817708333333332 0.36849537037037033 0.06729166666666667 0.03864004629629623
126 0.1896875 0.33674189814814814 0.05713541666666666 0.03833912037037042
126 0.29614583333333333 0.2897974537037037 0.05604166666666668 0.045324074074074086
126 0.17036458333333332 0.29781250000000004 0.05401041666666666 0.03824652777777775
17 0.6471354166666666 0.4731944444444444 0.10578125000000008 0.06629050925925917
51 0.6488020833333333 0.44819444444444445 0.07432291666666657 0.050543981481481384
126 0.050260416666666675 0.16196180555555556 0.04932291666666666 0.038107638888888885
60 0.686875 0.35851851851851857 0.07557291666666668 0.045902777777777716
60 0.6733333333333333 0.30332175925925925 0.06265625000000004 0.05097800925925924
60 0.7303645833333333 0.3050115740740741 0.06661458333333332 0.051874999999999984
