146 0.434375 0.21875 0.1375 0.0890625
135 0.29296875 0.54296875 0.04921875 0.03515625
67 0.17734375 0.13828125 0.11328125 0.0765625
135 0.1953125 0.53125 0.05859375 0.04140625
7 0.675 0.5921875 0.078125 0.0375
116 0.575 0.484375 0.2921875 0.1390625
7 0.6734375 0.56640625 0.08359375 0.02890625
87 0.446875 0.284375 0.10390625 0.103125
9 0.31015625 0.27109375 0.11328125 0.08046875
7 0.259375 0.5625 0.07265625 0.0375
7 0.2484375 0.55 0.084375 0.03359375
67 0.5796875 0.2625 0.12890625 0.08671875
135 0.71484375 0.41640625 0.05546875 0.0453125
135 0.66875 0.409375 0.04765625 0.04765625
135 0.26796875 0.5125 0.059375 0.0359375
135 0.23671875 0.50078125 0.05859375 0.03515625
116 0.4921875 0.57734375 0.28125 0.1390625
135 0.65859375 0.38359375 0.05 0.04375
8 0.36015625 0.5359375 0.11953125 0.04765625
7 0.65625 0.2390625 0.065625 0.0375
7 0.64375 0.19921875 0.07265625 0.04140625
