87 0.37320601851851853 0.35531250000000003 0.14693287037037042 0.13760416666666667
87 0.5018518518518519 0.29375 0.11102430555555572 0.11494791666666666
135 0.7260127314814815 0.5596354166666666 0.06229745370370363 0.061822916666666575
135 0.70703125 0.65734375 0.055034722222222145 0.05510416666666664
146 0.502980324074074 0.38734375 0.1328125 0.09302083333333337
67 0.23043981481481485 0.35125 0.13984375 0.09348958333333339
67 0.3633680555555555 0.2580208333333333 0.13365162037037043 0.09463541666666667
7 0.2777488425925926 0.5133854166666667 0.08695023148148148 0.05411458333333332
67 0.6485532407407407 0.3198958333333334 0.12112268518518512 0.09302083333333329
135 0.7215277777777778 0.6068749999999999 0.048263888888888926 0.040625
67 0.18602430555555555 0.28828125 0.12861689814814814 0.08494791666666668
135 0.710011574074074 0.6326041666666666 0.05763888888888893 0.04124999999999997
7 0.29042245370370373 0.5609895833333333 0.07378472222222224 0.05635416666666657
