100 0.3758680555555556 0.6581539351851852 0.0838541666666667 0.0517824074074074
55 0.36744791666666665 0.48990740740740735 0.14097222222222222 0.09417824074074091
148 0.32611111111111113 0.5959085648148148 0.05961805555555557 0.04956597222222214
148 0.32960069444444445 0.5773900462962963 0.05729166666666661 0.0502083333333335
148 0.2808159722222222 0.5588946759259259 0.06496527777777779 0.0444212962962963
4 0.42302083333333335 0.5329918981481482 0.1089756944444444 0.058732638888889
82 0.25649305555555557 0.5176620370370371 0.08157986111111111 0.054768518518518404
86 0.5850520833333334 0.5215277777777778 0.08543402777777782 0.08776620370370374
10 0.5024479166666667 0.6313252314814815 0.04918402777777775 0.03646412037037035
10 0.5506944444444445 0.6256018518518518 0.05244791666666657 0.0428993055555555
10 0.5669618055555555 0.5501041666666666 0.049843749999999964 0.03104166666666668
10 0.6435069444444445 0.5538599537037037 0.05211805555555564 0.0280555555555555
108 0.7120659722222222 0.5142303240740741 0.08276041666666671 0.07278356481481474
100 0.24291666666666667 0.5035937500000001 0.08279513888888887 0.03923611111111107
55 0.5073263888888888 0.4997569444444444 0.100138888888889 0.08239583333333336
21 0.6772395833333333 0.6323206018518519 0.10578125000000008 0.09053240740740734
86 0.5434375 0.3692592592592593 0.11352430555555557 0.0878703703703704
