126 0.25604166666666667 0.43289930555555556 0.06427662037037037 0.03828125
57 0.3722743055555555 0.3830439814814815 0.1255497685185185 0.10674189814814809
57 0.6447106481481482 0.3432002314814815 0.1222858796296297 0.1018229166666667
105 0.5463715277777779 0.26030092592592596 0.11226273148148139 0.07925347222222215
137 0.3950347222222222 0.335619212962963 0.10047453703703706 0.0760416666666666
137 0.33898726851851857 0.2067418981481482 0.1101967592592592 0.08845486111111107
62 0.5110474537037037 0.3309606481481482 0.10537037037037038 0.08342013888888893
13 0.18510416666666668 0.3013599537037037 0.11500578703703698 0.11921296296296298
138 0.4125289351851852 0.26831597222222225 0.10293402777777771 0.08012152777777777
138 0.13144097222222223 0.14771412037037038 0.11083912037037039 0.0838252314814815
126 0.26460648148148147 0.40625 0.06195601851851853 0.03888888888888893
126 0.2553587962962963 0.35723379629629626 0.05258101851851853 0.03819444444444446
126 0.38188657407407406 0.312818287037037 0.050422453703703775 0.04427083333333339
126 0.2579976851851852 0.34105902777777775 0.04945601851851853 0.037962962962962976
17 0.7265104166666667 0.5519386574074074 0.09704861111111107 0.06565393518518511
126 0.1470138888888889 0.22604166666666664 0.04476851851851853 0.03761574074074074
60 0.7611631944444444 0.4586226851851851 0.06919560185185177 0.04644097222222214
60 0.7280844907407407 0.39458912037037036 0.05683449074074076 0.05020254629629628
60 0.7867476851851851 0.4012731481481482 0.06076388888888893 0.051273148148148096
126 0.16208333333333333 0.20844907407407404 0.02994791666666665 0.03729745370370363
