57 0.7425520833333333 0.25005208333333334 0.139201388888889 0.1208333333333333
18 0.6974652777777777 0.1025 0.12032986111111121 0.07901041666666667
105 0.5044444444444445 0.18791666666666668 0.10470486111111121 0.07796875
137 0.2943402777777778 0.16447916666666668 0.12206597222222229 0.08692708333333332
138 0.09246527777777777 0.12177083333333334 0.1364236111111111 0.10114583333333335
126 0.24479166666666669 0.35812499999999997 0.054288194444444396 0.055885416666666646
126 0.19416666666666665 0.45979166666666665 0.051579861111111125 0.039322916666666784
126 0.19791666666666666 0.3963541666666667 0.05326388888888891 0.04489583333333336
126 0.18491319444444443 0.49005208333333333 0.04942708333333332 0.04776041666666657
126 0.22954861111111108 0.3770833333333333 0.049270833333333285 0.040729166666666664
105 0.23385416666666664 0.113125 0.11184027777777779 0.08312499999999998
18 0.17008680555555555 0.34984375 0.10315972222222225 0.0786458333333333
126 0.25850694444444444 0.33770833333333333 0.04763888888888897 0.0375
137 0.43395833333333333 0.3408333333333333 0.11020833333333328 0.07989583333333332
62 0.3247048611111111 0.2724479166666667 0.12043402777777779 0.08369791666666666
126 0.22647569444444446 0.30473958333333334 0.05236111111111104 0.03937499999999998
57 0.6928124999999999 0.311875 0.12960069444444428 0.11005208333333334
51 0.6824131944444444 0.35859375 0.06260416666666657 0.04395833333333332
13 0.5594444444444445 0.31062500000000004 0.12986111111111107 0.12177083333333324
65 0.5689930555555556 0.23197916666666668 0.12307291666666664 0.0971354166666667
126 0.24651041666666668 0.28078125 0.051006944444444445 0.04864583333333332
17 0.48701388888888886 0.27020833333333333 0.06524305555555543 0.057395833333333354
51 0.7098958333333333 0.45583333333333337 0.07088541666666667 0.06557291666666672
126 0.10493055555555555 0.22781250000000003 0.05529513888888889 0.030989583333333393
126 0.0859201388888889 0.20567708333333332 0.04296875 0.037968750000000016
