18 0.7178530092592592 0.1978125 0.12893518518518512 0.08244791666666669
126 0.14186921296296295 0.46953125 0.05367476851851851 0.042447916666666606
105 0.23660300925925926 0.14453125 0.12074652777777777 0.08734375000000001
18 0.15766782407407406 0.3834375 0.11102430555555558 0.08203125
137 0.43197337962962956 0.4111458333333333 0.11889467592592595 0.0833333333333334
62 0.32219328703703703 0.32453125 0.12928240740740743 0.08713541666666665
126 0.12578125 0.32635416666666667 0.0558449074074074 0.040260416666666646
51 0.6724247685185185 0.4083333333333333 0.06712962962962958 0.045677083333333354
13 0.5641203703703704 0.39718749999999997 0.14076967592592596 0.12677083333333333
126 0.1330150462962963 0.4406770833333333 0.05839120370370372 0.032656250000000143
105 0.31811342592592595 0.2630208333333333 0.11168981481481488 0.059531250000000036
60 0.6364583333333333 0.39572916666666663 0.055931712962962975 0.05192708333333336
126 0.1288773148148148 0.29515625 0.03752893518518521 0.034375
51 0.7659722222222222 0.42791666666666667 0.06160300925925917 0.04453125
13 0.6049768518518518 0.31197916666666664 0.14444444444444446 0.12390625000000002
60 0.5885127314814815 0.33286458333333335 0.060821759259259166 0.044479166666666625
62 0.46935763888888893 0.30921875 0.128125 0.09249999999999999
126 0.09499421296296295 0.25442708333333336 0.035387731481481485 0.02645833333333334
126 0.09131944444444444 0.22984374999999999 0.05928819444444446 0.03427083333333334
126 0.07430555555555554 0.20515625 0.0521412037037037 0.03223958333333332
