116 0.38994791666666667 0.33817708333333335 0.30152777777777773 0.15895833333333337
87 0.2934027777777778 0.3520833333333333 0.1522048611111111 0.1443229166666667
87 0.4325347222222223 0.28781249999999997 0.11423611111111107 0.12072916666666664
135 0.6373958333333334 0.6457291666666667 0.06463541666666668 0.06515625000000007
135 0.6265798611111111 0.6747395833333333 0.05744791666666664 0.057656249999999964
146 0.4272222222222222 0.38604166666666667 0.1378993055555556 0.09734374999999992
67 0.14328125 0.3475520833333333 0.14494791666666668 0.09859375000000004
135 0.25607638888888895 0.5882291666666667 0.06746527777777782 0.05208333333333322
135 0.2092361111111111 0.61875 0.05732638888888886 0.05218749999999996
67 0.2886284722222222 0.25005208333333334 0.1387326388888889 0.0997395833333333
135 0.21130208333333336 0.5609895833333333 0.06434027777777782 0.051875000000000074
135 0.11842013888888889 0.48046875 0.0462847222222222 0.04677083333333325
7 0.13161458333333334 0.52046875 0.09019097222222223 0.05671874999999993
67 0.585295138888889 0.31442708333333336 0.12541666666666665 0.09729166666666664
135 0.16663194444444446 0.4234375 0.05395833333333333 0.04104166666666664
135 0.6411284722222221 0.5833854166666667 0.05500000000000007 0.05281249999999993
135 0.6757638888888888 0.6091666666666666 0.05008680555555554 0.042343750000000034
67 0.10092013888888889 0.28213541666666664 0.13303819444444445 0.08921875000000004
135 0.6129861111111111 0.6174999999999999 0.05946180555555554 0.04296875
135 0.12989583333333332 0.4569791666666667 0.05159722222222225 0.04010416666666679
135 0.12067708333333334 0.4141145833333334 0.042326388888888865 0.044166666666666646
7 0.22994791666666664 0.39088541666666665 0.07913194444444445 0.050520833333333307
