105 0.18732060185185184 0.323582175925926 0.11883680555555554 0.09065393518518512
17 0.2501215277777778 0.3291087962962963 0.1011631944444444 0.07297453703703702
137 0.36464699074074075 0.3362847222222222 0.11784722222222221 0.08356481481481488
126 0.23751157407407408 0.5641493055555555 0.04398726851851853 0.037557870370370415
57 0.4816435185185185 0.29473379629629626 0.15061921296296282 0.1109375
138 0.09892361111111111 0.11481481481481481 0.1266261574074074 0.09045138888888889
126 0.22127314814814816 0.4917534722222222 0.048396990740740706 0.02853009259259256
18 0.7134953703703704 0.08651620370370369 0.1181481481481482 0.09372106481481483
105 0.28075231481481483 0.12092013888888889 0.1138715277777778 0.08093171296296298
137 0.6529745370370371 0.3164930555555555 0.11242476851851854 0.08472222222222214
60 0.24550347222222219 0.5432002314814814 0.06207175925925927 0.04279513888888893
126 0.216556712962963 0.46469907407407407 0.042928240740740795 0.028125
57 0.08358217592592591 0.25766782407407407 0.1237789351851852 0.09959490740740744
51 0.2665162037037037 0.5917534722222222 0.06204861111111111 0.04201388888888893
126 0.18683449074074074 0.41287615740740746 0.056325231481481455 0.03301504629629619
51 0.13461226851851854 0.34157986111111105 0.04298032407407408 0.056192129629629585
126 0.16313657407407406 0.27369791666666665 0.050995370370370365 0.03729745370370372
126 0.8004976851851853 0.538888888888889 0.05019097222222228 0.03645833333333322
126 0.7527951388888889 0.43515625 0.03759837962962962 0.03240740740740744
62 0.3861747685185185 0.4286458333333334 0.12777777777777768 0.10300925925925916
60 0.7633622685185186 0.4218460648148148 0.05977430555555543 0.04418402777777786
60 0.7036863425925926 0.41608796296296297 0.04872106481481477 0.03946759259259256
65 0.30623842592592593 0.4525752314814815 0.12543402777777776 0.10283564814814809
138 0.14707175925925925 0.47141203703703705 0.13200231481481484 0.0877314814814815
126 0.7150405092592592 0.3236400462962963 0.038703703703703594 0.04340277777777777
105 0.6725636574074074 0.26414930555555555 0.11862847222222221 0.08362268518518512
126 0.09648148148148147 0.19094328703703703 0.056232638888888874 0.02989004629629628
