126 0.1993923611111111 0.42828125000000006 0.06560763888888888 0.03485532407407419
57 0.3260590277777778 0.36170717592592594 0.12802083333333333 0.10171296296296291
57 0.6059375 0.2979050925925926 0.12479166666666668 0.09700231481481474
105 0.5057638888888889 0.22050925925925924 0.11489583333333328 0.07349537037037042
137 0.34914930555555557 0.3107465277777778 0.103125 0.07106481481481489
137 0.2923958333333333 0.18302083333333333 0.11199652777777783 0.08362847222222225
62 0.4683680555555556 0.2957986111111111 0.10720486111111108 0.07890625
13 0.1346527777777778 0.29280092592592594 0.11659722222222224 0.11490740740740737
138 0.36789930555555556 0.2402835648148148 0.10479166666666666 0.07576388888888888
138 0.08046875 0.14005208333333333 0.11345486111111111 0.07895254629629633
126 0.20375000000000001 0.4485648148148148 0.06328125 0.03561921296296298
126 0.23088541666666668 0.36866319444444445 0.053125 0.035543981481481524
126 0.17531249999999998 0.2940625 0.05170138888888891 0.04178240740740744
126 0.23362847222222222 0.3514525462962963 0.05 0.035520833333333356
17 0.6921180555555556 0.5191782407407407 0.09901041666666668 0.061660879629629586
126 0.21927083333333336 0.30311342592592594 0.04609375 0.03549189814814815
60 0.7066493055555556 0.46984375 0.07046874999999986 0.04270254629629626
60 0.6678819444444445 0.4834143518518518 0.058072916666666786 0.0472974537037036
60 0.7197395833333333 0.4963136574074074 0.062013888888888855 0.04888888888888889
126 0.11276041666666665 0.2570196759259259 0.030486111111111124 0.0361574074074074
57 0.7458159722222222 0.29843171296296295 0.13666666666666671 0.10412037037037036
18 0.69640625 0.14955439814814814 0.1330208333333333 0.08065972222222224
126 0.09232638888888889 0.18137731481481484 0.03901041666666667 0.03309606481481477
51 0.6545486111111112 0.3756828703703704 0.06302083333333322 0.05905092592592585
