135 0.6756944444444445 0.4248032407407408 0.04701967592592595 0.04743634259259259
84 0.22511574074074076 0.47483217592592586 0.07528935185185182 0.05217592592592588
97 0.19768518518518519 0.37263310185185183 0.12280092592592591 0.11289351851851848
135 0.17534722222222224 0.4489930555555556 0.045630787037037025 0.05207754629629626
10 0.31438078703703703 0.27708912037037037 0.07468171296296297 0.03576967592592588
10 0.4546585648148148 0.2612268518518518 0.07803819444444446 0.04211226851851855
10 0.5506655092592593 0.26072337962962966 0.08504050925925935 0.04153935185185187
135 0.2418113425925926 0.4454629629629629 0.06507523148148149 0.05031250000000007
60 0.30821759259259257 0.35921296296296296 0.04126157407407405 0.03946180555555552
135 0.3400462962962963 0.34266203703703707 0.059375 0.043900462962962905
10 0.38446180555555554 0.3233969907407407 0.055208333333333394 0.03675347222222225
10 0.50390625 0.32219907407407405 0.036516203703703634 0.03776041666666661
60 0.6037905092592593 0.3645023148148148 0.04675925925925935 0.0404050925925926
60 0.6528935185185185 0.36616898148148147 0.06414930555555554 0.046383101851851904
135 0.5508391203703704 0.3192476851851852 0.04215856481481488 0.042609953703703685
