20 0.7388310185185185 0.24470486111111112 0.2746469907407409 0.1528761574074074
60 0.27091435185185186 0.4447511574074074 0.06991898148148153 0.049577546296296224
135 0.26450810185185186 0.4023611111111111 0.05493634259259261 0.04646412037037031
97 0.33925925925925926 0.3626215277777778 0.1460532407407408 0.1251793981481482
135 0.2689988425925926 0.37299768518518517 0.0639930555555555 0.05472222222222225
135 0.5794444444444444 0.3151041666666667 0.0647743055555555 0.054762731481481454
10 0.5174016203703704 0.3064351851851852 0.05102430555555557 0.03302083333333332
10 0.4377951388888889 0.2773842592592593 0.05281828703703706 0.0370081018518519
10 0.5262094907407407 0.2710648148148148 0.04527777777777775 0.028049768518518547
135 0.4315219907407407 0.22409722222222223 0.053923611111111214 0.04251736111111111
135 0.4947106481481482 0.22581597222222224 0.055306712962962835 0.05271412037037031
