87 0.4803125 0.27121527777777776 0.11260416666666657 0.109375
135 0.6855729166666666 0.5136284722222222 0.06317708333333343 0.05835069444444443
146 0.47098958333333324 0.36411458333333335 0.13369791666666658 0.08644097222222218
67 0.20343750000000002 0.3401736111111111 0.14072916666666666 0.08659722222222221
67 0.3453125 0.2423958333333333 0.13536458333333332 0.08803819444444443
67 0.62375 0.29083333333333333 0.12281250000000003 0.08697916666666661
135 0.6705729166666667 0.4569618055555555 0.04937500000000004 0.038541666666666786
67 0.16598958333333333 0.2798784722222222 0.1292708333333333 0.07854166666666665
135 0.7306250000000001 0.4363888888888889 0.046666666666666676 0.04472222222222229
135 0.7043229166666667 0.42015624999999995 0.05109375000000007 0.04092013888888886
135 0.17739583333333334 0.49607638888888894 0.06411458333333338 0.03730902777777771
135 0.20614583333333333 0.47559027777777774 0.06442708333333336 0.030295138888888927
135 0.25536458333333334 0.3827951388888889 0.048958333333333395 0.03229166666666661
135 0.15463541666666666 0.4619270833333333 0.058072916666666696 0.040295138888888894
135 0.1808854166666667 0.4202604166666667 0.05177083333333332 0.03937500000000007
135 0.21963541666666667 0.40234375 0.04885416666666664 0.04243055555555557
9 0.6761979166666666 0.16133680555555555 0.13286458333333329 0.08564236111111109
135 0.27557291666666667 0.3496006944444444 0.058645833333333286 0.03718750000000002
