53 0.19375 0.56875 0.0625 0.05546875
107 0.26328125 0.56796875 0.06875 0.0625
27 0.2921875 0.55390625 0.16015625 0.0671875
122 0.2421875 0.534375 0.0796875 0.0625
141 0.64140625 0.16171875 0.05859375 0.0546875
96 0.7203125 0.32421875 0.10234375 0.0765625
141 0.29140625 0.5796875 0.0609375 0.05078125
22 0.334375 0.53984375 0.0703125 0.0609375
27 0.64375 0.6046875 0.16640625 0.084375
53 0.64140625 0.52734375 0.0671875 0.05390625
22 0.70625 0.5296875 0.0640625 0.06796875
22 0.434375 0.49140625 0.0875 0.07734375
96 0.40625 0.58125 0.10234375 0.05859375
27 0.34765625 0.64921875 0.08515625 0.05390625
