137 0.22934027777777777 0.2889236111111111 0.10379050925925926 0.08348958333333326
18 0.3919270833333333 0.2690798611111111 0.1305266203703704 0.08876736111111114
62 0.5209780092592593 0.22581597222222222 0.12390046296296298 0.07847222222222223
138 0.5233796296296296 0.2876388888888889 0.10969328703703703 0.07425347222222226
105 0.20373263888888887 0.3469965277777778 0.10983796296296297 0.07815972222222226
60 0.34887152777777775 0.65046875 0.06420717592592595 0.04748263888888893
126 0.6816550925925926 0.46864583333333326 0.046354166666666786 0.029131944444444356
62 0.33738425925925924 0.32729166666666665 0.13975694444444448 0.08506944444444446
126 0.564207175925926 0.34640624999999997 0.04626736111111107 0.026788194444444448
126 0.5413773148148149 0.32947916666666666 0.04160879629629619 0.027465277777777786
