58 0.23515625 0.51796875 0.13828125 0.084375
11 0.70625 0.5203125 0.10234375 0.06328125
114 0.66640625 0.528125 0.10234375 0.07734375
144 0.26171875 0.32421875 0.0875 0.06328125
126 0.24921875 0.346875 0.05 0.03515625
126 0.2359375 0.44375 0.03515625 0.0265625
7 0.25078125 0.3953125 0.0703125 0.046875
7 0.2671875 0.35078125 0.0921875 0.0390625
7 0.68203125 0.40546875 0.07109375 0.046875
7 0.68515625 0.3890625 0.08125 0.03671875
7 0.6765625 0.353125 0.078125 0.04453125
126 0.2125 0.32734375 0.03515625 0.028125
126 0.234375 0.375 0.0390625 0.02109375
64 0.403125 0.315625 0.12421875 0.07421875
