137 0.23003472222222224 0.2609375 0.11429398148148148 0.08909722222222224
18 0.40078125 0.23771412037037037 0.14354745370370364 0.09421296296296297
140 0.5569733796296296 0.21817708333333333 0.2232349537037038 0.11646412037037042
17 0.5603587962962963 0.2112037037037037 0.1046875 0.06476273148148151
138 0.5434606481481481 0.25699652777777776 0.12057291666666678 0.07904513888888882
105 0.20894097222222224 0.32383680555555555 0.12086226851851851 0.08295138888888891
62 0.3500578703703704 0.3009548611111111 0.15341435185185182 0.09045717592592588
137 0.3850115740740741 0.35141782407407407 0.11956018518518521 0.07590856481481474
126 0.7178530092592592 0.4094155092592593 0.042737268518518515 0.03965277777777772
126 0.7078703703703704 0.3905381944444445 0.04568865740740726 0.03735532407407405
57 0.4990451388888889 0.3211111111111111 0.1526041666666668 0.10059027777777771
