122 0.15865162037037037 0.5509606481481482 0.10706597222222225 0.08271990740740734
27 0.19969907407407406 0.5700925925925926 0.0754803240740741 0.049809027777777716
141 0.21706018518518516 0.5460995370370371 0.07065393518518519 0.04732638888888889
141 0.3376736111111111 0.28347800925925926 0.10089699074074074 0.05758101851851851
27 0.25908564814814816 0.5949421296296297 0.08371527777777779 0.07032986111111121
27 0.671238425925926 0.3127256944444444 0.18064236111111107 0.0872395833333333
107 0.41328703703703706 0.3180208333333333 0.08196759259259263 0.06715856481481479
96 0.6277951388888889 0.49088541666666663 0.11479166666666671 0.09464699074074083
107 0.6865914351851852 0.42653356481481486 0.09951967592592599 0.06065972222222236
96 0.37741898148148145 0.26743055555555556 0.1053587962962963 0.06707175925925926
22 0.6916724537037038 0.38020833333333337 0.12254629629629629 0.06758101851851857
53 0.6564583333333334 0.2482060185185185 0.07249421296296302 0.05206018518518522
