16 0.6797164351851851 0.426244212962963 0.12106481481481488 0.08446759259259248
119 0.6328993055555555 0.27663773148148146 0.06603009259259256 0.05359953703703706
101 0.1958912037037037 0.386712962962963 0.04973958333333335 0.035515046296296225
101 0.19837962962962963 0.340625 0.06443865740740744 0.03171875000000002
118 0.24675925925925926 0.32144675925925925 0.11617476851851852 0.05787615740740737
101 0.2455439814814815 0.3542592592592593 0.04988425925925925 0.039421296296296225
119 0.25616319444444446 0.2785358796296296 0.05879629629629637 0.048078703703703776
25 0.12196180555555554 0.27285300925925926 0.10772569444444446 0.08280671296296305
101 0.24320023148148148 0.39644097222222224 0.05598958333333339 0.03556134259259256
101 0.29441550925925924 0.38509837962962956 0.06686921296296297 0.034079861111111144
101 0.29936342592592596 0.3570023148148148 0.06400462962962958 0.04108796296296298
