142 0.38828125 0.6453125 0.1953125 0.0953125
60 0.38515625 0.6375 0.05703125 0.03984375
135 0.23515625 0.56171875 0.05078125 0.04296875
135 0.67578125 0.54453125 0.0703125 0.0484375
135 0.2796875 0.553125 0.05546875 0.04609375
135 0.3546875 0.54765625 0.05390625 0.0359375
135 0.4171875 0.52578125 0.0421875 0.034375
135 0.4875 0.521875 0.06328125 0.04296875
60 0.57109375 0.63671875 0.0453125 0.04140625
84 0.40390625 0.584375 0.06484375 0.04140625
69 0.35859375 0.48515625 0.12578125 0.07890625
10 0.40859375 0.4734375 0.0609375 0.0328125
10 0.28359375 0.48515625 0.07578125 0.03046875
