58 0.23515625 0.5078125 0.13828125 0.084375
11 0.66796875 0.49140625 0.10234375 0.06328125
114 0.66640625 0.528125 0.10234375 0.07734375
144 0.303125 0.2140625 0.07578125 0.059375
64 0.23671875 0.4625 0.09921875 0.04609375
126 0.2859375 0.25078125 0.05 0.03515625
126 0.3328125 0.20546875 0.0546875 0.03828125
7 0.3828125 0.3109375 0.0703125 0.046875
7 0.3953125 0.27890625 0.0625 0.04453125
7 0.55859375 0.3296875 0.075 0.046875
7 0.58984375 0.30546875 0.07421875 0.04453125
7 0.57421875 0.278125 0.078125 0.04453125
126 0.25859375 0.29765625 0.03515625 0.028125
