58 0.17734375 0.43051504629629633 0.15844907407407405 0.10195023148148152
11 0.6890335648148148 0.3900810185185185 0.11765046296296297 0.07619791666666664
114 0.6253761574074075 0.4514120370370371 0.11880787037037024 0.09182291666666664
144 0.27989004629629627 0.11719907407407408 0.08761574074074074 0.06975115740740741
64 0.1964699074074074 0.39282407407407405 0.1131365740740741 0.05726273148148149
126 0.2598668981481481 0.1775 0.058362268518518515 0.042349537037037074
126 0.3256076388888889 0.1300462962962963 0.06328125 0.04575231481481481
7 0.4171296296296296 0.20707175925925925 0.08116319444444446 0.05614583333333334
7 0.4429976851851851 0.1728703703703704 0.07239583333333321 0.053292824074074076
7 0.5387152777777777 0.20375578703703706 0.08483796296296298 0.05325231481481483
7 0.5203414351851852 0.16828703703703704 0.08958333333333321 0.054311342592592605
