146 0.4174710648148148 0.18026041666666665 0.15413194444444436 0.10049189814814814
135 0.2357928240740741 0.5350289351851851 0.055347222222222214 0.03907407407407408
67 0.14526620370370372 0.10175925925925926 0.12751736111111106 0.08566550925925927
135 0.14589120370370373 0.5649884259259259 0.06592013888888885 0.04640625000000007
7 0.6326851851851851 0.5887789351851852 0.08600115740740737 0.04310185185185169
116 0.5519965277777777 0.46326967592592594 0.3245138888888889 0.15935185185185183
7 0.6511226851851852 0.5671759259259259 0.09169560185185191 0.033912037037037025
87 0.42732060185185183 0.25093750000000004 0.11833912037037031 0.11502893518518516
9 0.2804976851851852 0.24125000000000002 0.12784143518518523 0.09113425925925922
7 0.22978587962962962 0.6100752314814815 0.08131365740740737 0.04296296296296305
7 0.21711226851851856 0.5870543981481482 0.09358217592592588 0.039427083333333356
67 0.571724537037037 0.2224826388888889 0.14461805555555554 0.09787037037037036
135 0.7124537037037036 0.40080439814814817 0.0622916666666665 0.05097800925925924
135 0.6724247685185185 0.4051099537037037 0.0546180555555555 0.05309027777777775
135 0.1838599537037037 0.542806712962963 0.06637731481481479 0.04096064814814824
135 0.6436226851851852 0.37788773148148147 0.05673032407407401 0.04925347222222225
7 0.6680439814814815 0.2289872685185185 0.07350115740740755 0.04273148148148156
7 0.6428356481481481 0.18060185185185187 0.08154513888888885 0.04686921296296296
7 0.28325810185185185 0.55 0.0878414351851852 0.047835648148148203
9 0.3738425925925926 0.32427083333333334 0.13684606481481482 0.08516203703703704
7 0.2724594907407408 0.33741319444444445 0.07718171296296301 0.05219907407407405
