71 0.28361111111111115 0.579212962962963 0.1411168981481481 0.08697337962962966
66 0.25258680555555557 0.5419386574074074 0.14734374999999994 0.0854571759259258
26 0.23696180555555557 0.43657407407407406 0.1671180555555555 0.10200810185185176
123 0.22701967592592592 0.3983622685185185 0.1626909722222222 0.06682291666666665
125 0.7041608796296297 0.433894675925926 0.07899305555555554 0.05917245370370381
125 0.7023611111111111 0.47063078703703703 0.06677083333333336 0.07782986111111115
134 0.24328124999999998 0.3357349537037037 0.11463541666666668 0.09224537037037042
107 0.24506944444444442 0.2982175925925926 0.05687499999999997 0.042604166666666644
107 0.2514988425925926 0.25754050925925925 0.0594849537037037 0.06059027777777777
107 0.23072916666666665 0.27957175925925926 0.06326388888888887 0.052025462962962975
