135 0.2015625 0.578125 0.05 0.03671875
135 0.23046875 0.55546875 0.04921875 0.0328125
135 0.2921875 0.54140625 0.0578125 0.03203125
97 0.5875 0.63125 0.125 0.1109375
10 0.55546875 0.63046875 0.040625 0.03359375
10 0.53359375 0.60078125 0.05078125 0.03046875
10 0.53203125 0.565625 0.053125 0.03125
10 0.5078125 0.5921875 0.06875 0.03046875
60 0.24140625 0.421875 0.0609375 0.0390625
135 0.25859375 0.51171875 0.06171875 0.0375
135 0.25390625 0.37734375 0.05078125 0.03359375
135 0.66640625 0.3484375 0.0625 0.04921875
135 0.6890625 0.45859375 0.05546875 0.034375
