126 0.234375 0.4171875 0.0609375 0.0328125
57 0.3546875 0.3546875 0.11875 0.09453125
57 0.61953125 0.296875 0.115625 0.090625
105 0.52734375 0.2234375 0.10703125 0.06875
137 0.378125 0.3078125 0.0953125 0.06640625
137 0.32734375 0.18671875 0.10390625 0.078125
62 0.490625 0.29453125 0.1 0.0734375
13 0.17578125 0.2890625 0.1078125 0.1078125
138 0.396875 0.24140625 0.096875 0.0703125
138 0.128125 0.14453125 0.10546875 0.0734375
126 0.23828125 0.4359375 0.05859375 0.03359375
126 0.26484375 0.3609375 0.04921875 0.03359375
126 0.2140625 0.28984375 0.04765625 0.0390625
126 0.26796875 0.34453125 0.046875 0.03359375
17 0.696875 0.50625 0.0921875 0.05703125
126 0.25546875 0.29921875 0.0421875 0.0328125
60 0.71171875 0.46015625 0.065625 0.03984375
60 0.675 0.471875 0.053125 0.04453125
60 0.7234375 0.48515625 0.05703125 0.0453125
126 0.15625 0.25546875 0.028125 0.034375
57 0.7515625 0.2984375 0.1265625 0.096875
18 0.709375 0.1578125 0.12421875 0.075
126 0.13828125 0.18359375 0.0359375 0.03046875
51 0.66484375 0.3703125 0.05859375 0.05546875
