126 0.66671875 0.4083043981481481 0.050156250000000034 0.03891203703703709
18 0.19171875 0.34050925925925923 0.10395833333333333 0.07403356481481485
17 0.18463541666666666 0.540324074074074 0.10541666666666667 0.060821759259259166
126 0.6355729166666666 0.3024074074074074 0.054947916666666784 0.028917824074074082
105 0.33026041666666667 0.2155497685185185 0.10489583333333333 0.053009259259259256
13 0.6170312499999999 0.24135995370370372 0.13536458333333332 0.1123900462962963
62 0.47375 0.2502835648148148 0.12015624999999996 0.08309027777777782
138 0.47567708333333325 0.18629050925925927 0.12411458333333343 0.07229166666666664
57 0.19624999999999998 0.2608449074074074 0.12901041666666666 0.0989467592592593
137 0.34421875 0.34534722222222225 0.10411458333333332 0.07637731481481484
18 0.6916666666666667 0.32647569444444446 0.11635416666666672 0.084537037037037
126 0.6683333333333333 0.44256365740740744 0.04281249999999996 0.0340162037037036
65 0.34911458333333334 0.29530092592592594 0.11281250000000007 0.0781944444444445
105 0.32739583333333333 0.293605324074074 0.11473958333333334 0.07201388888888882
51 0.15421875 0.38840277777777776 0.045677083333333354 0.041898148148148094
60 0.27593750000000006 0.34035300925925926 0.05218749999999996 0.04598958333333334
