71 0.24983217592592594 0.4901041666666666 0.1373379629629629 0.09169560185185191
66 0.23762731481481483 0.42517361111111107 0.14357638888888893 0.09050347222222221
26 0.26819444444444446 0.33113425925925927 0.16322916666666662 0.10806712962962965
123 0.27105902777777774 0.2957928240740741 0.15906828703703707 0.07346064814814816
125 0.6908043981481482 0.29983796296296295 0.07698495370370359 0.061568287037037005
125 0.7050868055555555 0.3286921296296296 0.0646238425925926 0.07957754629629629
125 0.19722222222222224 0.35175347222222225 0.06464120370370371 0.0819212962962963
125 0.19627314814814817 0.32914351851851853 0.06995949074074073 0.06193287037037036
134 0.2876504629629629 0.21430555555555558 0.11159722222222221 0.09563657407407407
107 0.3124189814814815 0.18157407407407405 0.05577546296296294 0.04469328703703708
107 0.32473958333333336 0.15661458333333333 0.05746527777777777 0.06197337962962961
24 0.1880787037037037 0.2780439814814815 0.07147569444444443 0.05577546296296294
24 0.2895717592592592 0.262650462962963 0.06122685185185191 0.04267361111111114
