148 0.3052083333333333 0.5898148148148149 0.10098958333333333 0.06315393518518526
4 0.6166666666666667 0.46398726851851857 0.14765625 0.07243055555555564
108 0.25744791666666667 0.4599247685185185 0.06828125000000007 0.08764467592592595
21 0.33416666666666667 0.5549768518518519 0.10343750000000007 0.08816550925925917
86 0.41708333333333336 0.4966608796296296 0.11218749999999993 0.06722222222222225
55 0.45531249999999995 0.44839120370370367 0.11666666666666678 0.0875810185185184
10 0.35750000000000004 0.5530671296296296 0.05364583333333339 0.04372106481481488
86 0.41083333333333333 0.34425925925925926 0.10166666666666657 0.08501736111111109
148 0.6378645833333334 0.35966435185185186 0.08874999999999993 0.0551678240740741
148 0.6641145833333333 0.3311226851851852 0.0588020833333335 0.06252893518518512
100 0.7076041666666667 0.3617592592592593 0.09151041666666657 0.06145254629629626
82 0.5723437499999999 0.2566261574074074 0.10338541666666679 0.07567708333333334
148 0.3439583333333333 0.3264814814814815 0.06765625000000001 0.05485532407407412
