17 0.2032465277777778 0.5205208333333333 0.12673611111111108 0.07970486111111122
18 0.7368750000000001 0.3344965277777778 0.14270833333333321 0.0882118055555555
137 0.3601215277777778 0.33100694444444445 0.14274305555555555 0.0889930555555555
65 0.3651388888888889 0.2860069444444444 0.13565972222222228 0.10505208333333335
57 0.1828125 0.21864583333333334 0.1367881944444444 0.11289930555555552
105 0.33291666666666664 0.19256944444444443 0.12633680555555554 0.08826388888888888
13 0.6317881944444445 0.2331423611111111 0.12371527777777783 0.1169965277777778
62 0.48611111111111105 0.23602430555555554 0.1273958333333333 0.09454861111111112
138 0.47467013888888887 0.17157986111111112 0.12803819444444448 0.09145833333333334
51 0.18786458333333333 0.42003472222222216 0.08083333333333331 0.06440972222222215
60 0.21699652777777775 0.3737673611111111 0.06574652777777779 0.05828124999999993
126 0.6636631944444444 0.3538541666666667 0.062135416666666644 0.04720486111111111
126 0.6662847222222222 0.3251215277777778 0.055173611111111145 0.04845486111111112
126 0.5598263888888889 0.21045138888888887 0.04769097222222225 0.037986111111111144
