72 0.29942708333333334 0.6087673611111111 0.3863020833333334 0.19573495370370358
125 0.6592708333333334 0.42853009259259256 0.09989583333333325 0.08116898148148159
126 0.23104166666666667 0.5676157407407407 0.06390624999999997 0.03326967592592602
126 0.21140625000000002 0.62765625 0.05572916666666661 0.039456018518518474
126 0.28687500000000005 0.6329050925925926 0.05151041666666671 0.0464525462962964
126 0.25953125 0.527181712962963 0.05645833333333332 0.038680555555555426
126 0.39098958333333333 0.6188252314814815 0.04656249999999993 0.030798611111111106
126 0.19354166666666667 0.555613425925926 0.054895833333333324 0.038668981481481526
126 0.2672395833333333 0.6460474537037036 0.05744791666666664 0.04181134259259274
126 0.16661458333333332 0.5257118055555555 0.053749999999999964 0.03319444444444457
126 0.17078125000000002 0.48666087962962956 0.043333333333333356 0.04092592592592581
113 0.3961458333333333 0.3421643518518519 0.3440104166666667 0.15872106481481482
56 0.12734375 0.3385127314814815 0.2546875 0.12623842592592585
