87 0.36015625 0.3296875 0.134375 0.12109375
87 0.484375 0.26328125 0.10078125 0.10234375
135 0.6375 0.60078125 0.05703125 0.0546875
135 0.665625 0.61796875 0.05078125 0.04921875
146 0.48203125 0.35234375 0.12265625 0.0796875
67 0.22421875 0.334375 0.12890625 0.08046875
67 0.35390625 0.23828125 0.12421875 0.08125
135 0.25234375 0.50546875 0.053125 0.02734375
135 0.24375 0.47109375 0.04140625 0.03984375
7 0.24375 0.43046875 0.08046875 0.0453125
67 0.62265625 0.278125 0.11171875 0.08046875
135 0.68671875 0.42109375 0.0484375 0.04453125
135 0.7046875 0.54609375 0.04453125 0.0359375
67 0.18515625 0.278125 0.11875 0.07265625
135 0.68125 0.578125 0.053125 0.0359375
135 0.2375 0.4515625 0.0453125 0.0328125
135 0.278125 0.5484375 0.0515625 0.0359375
135 0.3640625 0.546875 0.0375 0.0375
7 0.20625 0.55546875 0.06796875 0.04921875
