97 0.1605208333333333 0.3846701388888889 0.13104166666666667 0.11954861111111112
10 0.27541666666666664 0.3086805555555555 0.07328124999999996 0.03597222222222225
10 0.31161458333333336 0.36159722222222224 0.08322916666666665 0.04498263888888889
10 0.5647395833333333 0.2919270833333333 0.04645833333333336 0.042569444444444396
135 0.21921875000000002 0.42723958333333334 0.06895833333333332 0.05291666666666668
60 0.21151041666666667 0.37928819444444445 0.044062499999999984 0.04168402777777773
135 0.6272916666666667 0.3234201388888889 0.06312500000000014 0.04720486111111111
10 0.3786979166666667 0.29006944444444444 0.05869791666666657 0.03921875000000004
10 0.52890625 0.3503819444444444 0.04312500000000004 0.03930555555555557
60 0.6630729166666667 0.3825868055555556 0.06791666666666671 0.048975694444444426
135 0.6319791666666668 0.36994791666666665 0.045052083333333215 0.04484375000000007
60 0.70515625 0.3939583333333333 0.06869791666666672 0.03732638888888893
