57 0.7760243055555556 0.2604976851851852 0.14804976851851848 0.12089120370370372
18 0.7197164351851851 0.10110532407407406 0.12800347222222222 0.0768634259259259
105 0.5196643518518519 0.18144675925925927 0.11162037037037038 0.07740162037037038
137 0.29424189814814816 0.14414351851851853 0.12982060185185187 0.08548032407407406
138 0.07766203703703703 0.0887326388888889 0.14508101851851854 0.09976273148148147
126 0.16880208333333332 0.4476967592592592 0.05715277777777779 0.031302083333333286
126 0.2205729166666667 0.4539641203703704 0.052743055555555605 0.040607638888888783
105 0.22768518518518518 0.08729166666666666 0.11959490740740737 0.08298611111111112
18 0.1725 0.3350925925925926 0.1092997685185185 0.07814814814814816
126 0.1955439814814815 0.42697916666666663 0.05108796296296294 0.03745949074074062
137 0.4524652777777778 0.3403240740740741 0.11713541666666671 0.07904513888888882
62 0.3321122685185185 0.2616030092592593 0.1281655092592592 0.0823321759259259
126 0.2407233796296296 0.34267939814814813 0.055798611111111104 0.03831018518518521
57 0.7263136574074075 0.3237615740740741 0.1383506944444445 0.10981481481481481
51 0.7485127314814815 0.43989004629629636 0.06687499999999993 0.04315972222222229
13 0.5845833333333333 0.3149189814814815 0.1387210648148148 0.1223148148148148
65 0.5899421296296297 0.23199074074074075 0.13092592592592603 0.09642939814814815
17 0.7136921296296297 0.3989814814814815 0.09622106481481474 0.05843171296296301
126 0.11289351851851852 0.3281597222222222 0.058668981481481454 0.029762731481481453
105 0.32247106481481486 0.2 0.11097222222222225 0.05552662037037033
60 0.6436689814814814 0.46254629629629634 0.05458333333333343 0.05000578703703695
126 0.11038773148148148 0.21721064814814817 0.04297453703703704 0.027187499999999965
126 0.08310763888888889 0.1933854166666667 0.03690972222222222 0.033344907407407386
60 0.6404456018518518 0.32737847222222227 0.055040509259259275 0.03907986111111104
