57 0.75625 0.29921875 0.12890625 0.10546875
57 0.6140625 0.2984375 0.1140625 0.1
51 0.25234375 0.45 0.05703125 0.0484375
18 0.709375 0.15625 0.1125 0.0671875
105 0.52890625 0.22578125 0.09765625 0.0671875
62 0.4890625 0.2984375 0.103125 0.084375
138 0.39921875 0.240625 0.10859375 0.07578125
57 0.34921875 0.3546875 0.11484375 0.09453125
137 0.32890625 0.1890625 0.1140625 0.07421875
138 0.1375 0.13671875 0.1265625 0.0875
13 0.18046875 0.2890625 0.11015625 0.1109375
126 0.23515625 0.5125 0.05 0.04921875
126 0.23359375 0.49140625 0.04765625 0.03359375
126 0.2015625 0.44453125 0.04921875 0.0390625
126 0.240625 0.41796875 0.04609375 0.0421875
126 0.25390625 0.36015625 0.04609375 0.0359375
105 0.27109375 0.1375 0.1046875 0.071875
126 0.26171875 0.3359375 0.04453125 0.0328125
126 0.26328125 0.30234375 0.0375 0.03125
51 0.6375 0.35 0.05390625 0.04765625
137 0.46484375 0.36640625 0.103125 0.06875
62 0.36015625 0.29453125 0.1125 0.071875
126 0.14140625 0.184375 0.0484375 0.03359375
57 0.71015625 0.3546875 0.12109375 0.09609375
13 0.57734375 0.34765625 0.10078125 0.10859375
