84 0.284375 0.6171875 0.07109375 0.0484375
97 0.66796875 0.5734375 0.13125 0.125
10 0.49375 0.6078125 0.04921875 0.03671875
10 0.565625 0.615625 0.05234375 0.02578125
10 0.540625 0.6 0.03671875 0.0296875
10 0.61484375 0.453125 0.07109375 0.03046875
10 0.58359375 0.44296875 0.04609375 0.0203125
10 0.5703125 0.41640625 0.059375 0.02890625
10 0.640625 0.41875 0.053125 0.0296875
84 0.66953125 0.3390625 0.07109375 0.0484375
135 0.615625 0.240625 0.0609375 0.0484375
135 0.66875 0.25 0.05 0.04140625
135 0.20390625 0.54140625 0.046875 0.03984375
135 0.24921875 0.509375 0.0625 0.02890625
135 0.23046875 0.48671875 0.06640625 0.04765625
135 0.23984375 0.459375 0.071875 0.04375
60 0.221875 0.57265625 0.04375 0.034375
60 0.38203125 0.21640625 0.05625 0.04296875
60 0.509375 0.221875 0.0515625 0.03515625
135 0.3828125 0.1828125 0.0515625 0.0390625
135 0.43125 0.18828125 0.0453125 0.0453125
135 0.490625 0.18828125 0.04609375 0.04609375
