71 0.2885011574074074 0.6079050925925926 0.146724537037037 0.09171296296296294
66 0.27424189814814814 0.5660127314814816 0.15367476851851852 0.09035879629629626
123 0.2379513888888889 0.48121527777777773 0.16910879629629633 0.0720949074074074
125 0.7302256944444444 0.5544849537037037 0.08276620370370366 0.061736111111111214
125 0.7105034722222222 0.5726793981481482 0.07750000000000004 0.06548032407407404
134 0.24867476851851852 0.36494791666666665 0.12044560185185187 0.09639467592592599
107 0.2942592592592592 0.34595486111111107 0.07203125000000003 0.06531828703703706
107 0.24234953703703704 0.320943287037037 0.06257523148148145 0.06347800925925924
107 0.18997685185185184 0.33504050925925927 0.06603587962962965 0.05499999999999998
125 0.18656828703703704 0.5516782407407408 0.08264467592592592 0.059392361111111035
