87 0.4814236111111111 0.25072337962962965 0.1385706018518519 0.11726273148148145
9 0.19441550925925927 0.1290625 0.12789351851851852 0.10289930555555556
67 0.7217013888888889 0.143125 0.13608217592592595 0.09221643518518521
146 0.7262442129629629 0.35006365740740736 0.14777199074074082 0.09178240740740744
135 0.8464699074074075 0.47770833333333335 0.0669849537037038 0.03866319444444457
135 0.6013599537037037 0.2652025462962963 0.04988425925925917 0.04049768518518526
135 0.7219618055555556 0.4662152777777777 0.04973958333333321 0.03659143518518526
7 0.20541087962962962 0.2995138888888889 0.07673611111111116 0.049097222222222216
67 0.5255208333333333 0.19818287037037036 0.13547453703703702 0.07581018518518516
135 0.5632233796296295 0.24690393518518522 0.04606481481481488 0.04272569444444443
135 0.6921875 0.23121527777777776 0.05671296296296298 0.035237268518518584
135 0.6800636574074075 0.1988599537037037 0.04976851851851851 0.03737268518518522
