117 0.8008159722222222 0.47054398148148147 0.07659722222222207 0.07653356481481488
119 0.7355208333333334 0.3241030092592593 0.07093749999999996 0.05431134259259256
119 0.7858333333333334 0.32743055555555556 0.07593750000000003 0.06168981481481488
118 0.7594618055555555 0.3866030092592593 0.12276041666666657 0.08151041666666661
25 0.25479166666666664 0.26565393518518515 0.10734374999999999 0.08504050925925925
101 0.44345486111111115 0.36611689814814813 0.05031250000000007 0.045775462962962976
101 0.40828125000000004 0.3154224537037037 0.0546180555555555 0.03752893518518512
101 0.3497048611111111 0.30251736111111105 0.049531249999999985 0.04571759259259256
101 0.4374479166666667 0.33677662037037037 0.055173611111111145 0.05002893518518521
101 0.4769618055555556 0.34403935185185186 0.055034722222222145 0.04690393518518521
