105 0.21875 0.3421875 0.10625 0.075
17 0.2453125 0.384375 0.090625 0.059375
137 0.3796875 0.36640625 0.10546875 0.06875
126 0.265625 0.625 0.03984375 0.03125
57 0.48828125 0.3359375 0.13515625 0.09140625
138 0.14375 0.14609375 0.11328125 0.07421875
18 0.7046875 0.1609375 0.10546875 0.07734375
105 0.309375 0.1640625 0.1015625 0.06640625
51 0.60703125 0.3875 0.06015625 0.034375
137 0.64375 0.3671875 0.10078125 0.06953125
60 0.27890625 0.59765625 0.05625 0.03515625
57 0.12578125 0.275 0.1109375 0.0828125
51 0.309375 0.634375 0.05546875 0.034375
126 0.2140625 0.43359375 0.05078125 0.0265625
51 0.203125 0.403125 0.0375 0.04921875
126 0.20234375 0.27265625 0.0453125 0.03046875
126 0.715625 0.6 0.0453125 0.0296875
126 0.22421875 0.53671875 0.03359375 0.02734375
62 0.396875 0.4515625 0.1140625 0.0859375
60 0.6640625 0.6015625 0.05390625 0.03671875
60 0.6640625 0.56640625 0.04375 0.0328125
65 0.3234375 0.46796875 0.11171875 0.08515625
138 0.178125 0.475 0.11796875 0.071875
126 0.6859375 0.42109375 0.034375 0.0375
105 0.6625 0.32109375 0.10625 0.06875
126 0.696875 0.5890625 0.05078125 0.0234375
