71 0.33529513888888884 0.6586805555555555 0.13883680555555555 0.09282407407407404
66 0.3040625 0.604195601851852 0.14501736111111113 0.09172453703703702
125 0.6913020833333333 0.6095196759259259 0.07298611111111111 0.06536458333333321
134 0.2606423611111111 0.38061342592592595 0.11407986111111112 0.09644097222222214
107 0.2937326388888889 0.35425347222222225 0.06826388888888886 0.06423611111111108
107 0.25244791666666666 0.336400462962963 0.05885416666666661 0.06276041666666661
107 0.2043229166666667 0.33984375 0.06237847222222222 0.054456018518518515
26 0.2936284722222222 0.5621527777777778 0.1397048611111112 0.07731481481481488
123 0.3006944444444445 0.5284143518518518 0.1535243055555556 0.07288773148148149
24 0.1919965277777778 0.48298611111111106 0.0896875 0.05570023148148131
125 0.30706597222222226 0.47905092592592596 0.07440972222222228 0.06235532407407405
