19 0.25390625 0.5359375 0.0671875 0.06328125
16 0.259375 0.46796875 0.128125 0.09140625
119 0.2234375 0.51015625 0.05625 0.03984375
124 0.3609375 0.64921875 0.0671875 0.040625
59 0.65625 0.55234375 0.14921875 0.10234375
101 0.52734375 0.56015625 0.03984375 0.04296875
101 0.5671875 0.578125 0.0484375 0.04375
118 0.2828125 0.60078125 0.10703125 0.04609375
124 0.2734375 0.57734375 0.06484375 0.034375
119 0.303125 0.5484375 0.05859375 0.040625
101 0.50234375 0.58671875 0.053125 0.0390625
101 0.446875 0.57421875 0.05625 0.03984375
101 0.5484375 0.59609375 0.04296875 0.04140625
124 0.2140625 0.5953125 0.07890625 0.05078125
25 0.49140625 0.48125 0.11328125 0.07578125
117 0.39609375 0.48984375 0.06796875 0.0796875
