87 0.35546875 0.30257523148148147 0.1390625 0.13530092592592596
87 0.48359375 0.22433449074074074 0.1046875 0.11322337962962958
135 0.6421875 0.5610243055555555 0.059375 0.0606481481481481
135 0.671875 0.5767939814814815 0.05234375 0.05465856481481488
146 0.48125 0.3166956018518518 0.12734375 0.09146412037037041
67 0.21484375 0.3184606481481481 0.13359375 0.09270833333333331
67 0.34921875 0.20850694444444443 0.128125 0.09386574074074075
135 0.24375 0.4921006944444445 0.0546875 0.032175925925925955
135 0.23515625 0.4575810185185185 0.04296875 0.043807870370370414
7 0.23515625 0.41617476851851853 0.08359375 0.05306712962962958
67 0.62734375 0.22931134259259256 0.115625 0.09215856481481488
135 0.69296875 0.3721064814814815 0.05 0.04901620370370363
135 0.71171875 0.49962384259259257 0.04609375 0.040133101851851906
67 0.17421875 0.26287615740740744 0.12265625 0.08408564814814809
135 0.6875 0.534230324074074 0.0546875 0.04076967592592595
135 0.228125 0.4385706018518519 0.046875 0.03784722222222214
135 0.2703125 0.5346643518518519 0.053125 0.04065393518518512
135 0.359375 0.5265046296296296 0.03828125 0.041898148148148094
7 0.19609375 0.5471932870370371 0.0703125 0.05598958333333339
