146 0.4027777777777778 0.19461805555555556 0.15574074074074068 0.10798611111111112
67 0.12827546296296297 0.08640046296296297 0.1283449074074074 0.09195601851851853
87 0.41262731481481485 0.26675347222222223 0.11916666666666664 0.12083333333333339
9 0.26424189814814814 0.2416377314814815 0.12862268518518521 0.09664351851851852
67 0.5577662037037037 0.25396412037037036 0.1462268518518517 0.1049479166666667
135 0.7257754629629629 0.49082754629629627 0.06307291666666667 0.05367476851851851
135 0.6550983796296296 0.47853009259259255 0.05466435185185183 0.05616319444444429
135 0.60234375 0.4683449074074074 0.057511574074074014 0.051707175925925955
135 0.6082175925925926 0.3824652777777778 0.04877893518518519 0.0487268518518519
7 0.6689293981481482 0.37754629629629627 0.07428240740740755 0.045949074074074045
135 0.6352546296296296 0.3499421296296296 0.05061342592592588 0.040306712962962975
7 0.6546122685185185 0.3278356481481482 0.08154513888888885 0.05037615740740744
9 0.35988425925925926 0.3358217592592593 0.13762731481481483 0.09108796296296298
7 0.17736689814814816 0.48943865740740744 0.07800925925925925 0.056336805555555536
7 0.17905092592592592 0.4212962962962964 0.07276041666666666 0.03339120370370381
7 0.18540509259259258 0.3935185185185185 0.07984374999999999 0.04791666666666661
135 0.6637210648148149 0.41247106481481477 0.0691319444444444 0.03778935185185191
135 0.1317824074074074 0.26556712962962964 0.04845486111111112 0.04325810185185182
135 0.12577546296296296 0.23451967592592596 0.05162615740740741 0.04427083333333339
135 0.10708333333333334 0.20567129629629627 0.04845486111111112 0.0432581018518519
7 0.20400462962962962 0.31799768518518523 0.0964351851851852 0.05225694444444447
7 0.21237847222222223 0.2958622685185185 0.06752314814814815 0.03689236111111107
7 0.2578356481481482 0.2835358796296296 0.06964699074074074 0.05960648148148149
