137 0.23859375 0.2815914351851852 0.11088541666666671 0.08989004629629634
18 0.4101041666666666 0.25069444444444444 0.14000000000000004 0.09543402777777779
17 0.6796180555555555 0.2951215277777778 0.10199652777777786 0.06543981481481484
138 0.5522395833333333 0.2629108796296296 0.11750000000000008 0.08072337962962965
105 0.2163715277777778 0.3448321759259259 0.11842013888888889 0.08387152777777782
62 0.3574479166666667 0.31561921296296297 0.15001736111111114 0.09260995370370369
137 0.3909201388888889 0.364693287037037 0.11657986111111115 0.07757523148148149
126 0.1275 0.22855902777777776 0.04368055555555559 0.03484375000000002
126 0.6960243055555555 0.36504050925925924 0.0446006944444445 0.037991898148148094
57 0.5059027777777778 0.32921296296296293 0.14968749999999992 0.1027430555555556
138 0.12652777777777777 0.1362789351851852 0.12541666666666668 0.0832986111111111
51 0.7206944444444444 0.40968171296296296 0.04960069444444457 0.0451620370370371
126 0.6655034722222222 0.34717013888888887 0.04769097222222225 0.03730324074074076
126 0.14272569444444444 0.20151041666666666 0.047986111111111104 0.02638888888888884
65 0.7115277777777778 0.27383680555555556 0.10626736111111121 0.09131365740740742
18 0.7311631944444444 0.1347916666666667 0.11777777777777772 0.08697337962962966
60 0.7136631944444445 0.3394849537037037 0.05567708333333332 0.04144097222222225
