71 0.30966435185185187 0.5437789351851852 0.14204861111111108 0.09719328703703703
66 0.2929513888888889 0.5035879629629629 0.1482870370370371 0.09609375
123 0.2525 0.42450810185185184 0.1637731481481482 0.07850115740740744
125 0.7427719907407407 0.4460358796296296 0.07934027777777786 0.06443865740740726
125 0.7249363425925927 0.4653356481481481 0.07390046296296297 0.06793981481481488
134 0.25633101851851847 0.30853587962962964 0.11552662037037038 0.10069444444444446
107 0.30071759259259256 0.2857060185185185 0.06843171296296298 0.06753472222222223
107 0.24741319444444443 0.2654224537037037 0.059826388888888894 0.0653356481481481
107 0.1959664351851852 0.2848668981481482 0.06288773148148148 0.05697337962962958
125 0.20537037037037037 0.4991319444444445 0.07932291666666665 0.06209490740740744
