87 0.36597222222222225 0.35732638888888885 0.15083912037037042 0.13362847222222224
87 0.4912326388888889 0.2928125 0.11417824074074083 0.11175347222222225
135 0.7236111111111111 0.5390798611111112 0.06438078703703702 0.059704861111111104
146 0.4958333333333334 0.38645833333333335 0.13509837962962976 0.0893229166666667
67 0.22413194444444445 0.3556944444444444 0.14140625 0.09038194444444443
67 0.35260416666666666 0.2609548611111111 0.13605324074074074 0.09170138888888886
7 0.26576967592592593 0.5498784722222222 0.08790509259259256 0.051406249999999966
67 0.6377604166666667 0.31567708333333333 0.1234375 0.0895833333333333
135 0.6851273148148149 0.3769618055555556 0.04965277777777786 0.039583333333333304
67 0.1783275462962963 0.2944791666666667 0.1306134259259259 0.08133680555555553
7 0.29615162037037035 0.5815972222222222 0.07569444444444447 0.0547569444444445
135 0.6585069444444445 0.35397569444444443 0.04704861111111107 0.046475694444444396
