126 0.27530671296296294 0.3837615740740741 0.0684895833333334 0.03614004629629628
57 0.3958217592592593 0.3194212962962963 0.1350173611111111 0.10503472222222224
57 0.6803993055555555 0.25265046296296295 0.13161458333333337 0.10030092592592599
105 0.5748958333333334 0.1744560185185185 0.12085069444444443 0.07672453703703704
137 0.4177662037037037 0.2674884259259259 0.10821180555555561 0.07419560185185184
137 0.35530092592592594 0.1370486111111111 0.11749999999999998 0.08604166666666666
62 0.5395891203703703 0.25160879629629634 0.11331597222222226 0.08129629629629634
13 0.19707754629629629 0.2512094907407407 0.12413194444444446 0.11892361111111108
138 0.43460069444444444 0.1953009259259259 0.11000578703703709 0.078125
138 0.13538194444444446 0.09417245370370371 0.11878472222222221 0.08137731481481483
126 0.28375 0.3547048611111111 0.06619212962962964 0.03688657407407412
126 0.27292824074074074 0.3040393518518519 0.05603587962962964 0.03673611111111104
126 0.403923611111111 0.2450173611111111 0.054890046296296194 0.04374421296296296
126 0.27498842592592593 0.2860243055555555 0.05295717592592588 0.03747106481481488
17 0.7727719907407407 0.4655324074074073 0.10365740740740748 0.0632002314814816
126 0.15430555555555556 0.17599537037037036 0.04822337962962964 0.03662037037037038
60 0.8058159722222221 0.3633912037037037 0.0736400462962962 0.04402199074074069
60 0.7691608796296296 0.29903356481481486 0.060682870370370345 0.04929398148148145
60 0.8310185185185185 0.300462962962963 0.0654166666666665 0.050144675925925954
126 0.16950810185185186 0.1554398148148148 0.032644675925925924 0.03717013888888889
