87 0.38156249999999997 0.3088541666666667 0.14489583333333336 0.1317708333333334
87 0.5036458333333333 0.23322916666666665 0.10921875000000014 0.10994791666666667
135 0.6810937499999999 0.5643229166666666 0.06151041666666668 0.05932291666666671
135 0.7110937500000001 0.5788020833333334 0.05484374999999986 0.05265625000000007
146 0.5065104166666666 0.32328125 0.12958333333333344 0.08875000000000002
67 0.24515625000000002 0.32265625 0.13588541666666662 0.08994791666666666
67 0.36989583333333337 0.21625 0.1313020833333333 0.09119791666666668
135 0.28479166666666667 0.4934374999999999 0.05572916666666661 0.03093749999999993
135 0.27390625 0.4596354166666667 0.044062500000000074 0.042604166666666644
7 0.2711458333333333 0.4182291666666666 0.08432291666666662 0.05151041666666671
67 0.6452604166666667 0.23869791666666665 0.11869791666666671 0.08880208333333339
135 0.7189583333333334 0.37895833333333334 0.05218749999999996 0.047812499999999945
135 0.7461458333333333 0.5042708333333333 0.04770833333333328 0.03895833333333343
67 0.20072916666666668 0.26833333333333337 0.1252083333333333 0.08145833333333333
135 0.72484375 0.5378645833333333 0.05630208333333329 0.03953124999999993
135 0.26635416666666667 0.44052083333333336 0.04833333333333334 0.036666666666666715
135 0.31343750000000004 0.5346875 0.054739583333333286 0.039427083333333356
135 0.4008333333333334 0.5272916666666667 0.04005208333333332 0.04078124999999986
7 0.24130208333333333 0.5473437499999999 0.07203125000000003 0.05380208333333343
