87 0.36015625 0.3296875 0.134375 0.12109375
87 0.484375 0.26328125 0.10078125 0.10234375
135 0.6875 0.5015625 0.05703125 0.0546875
135 0.665625 0.5953125 0.05078125 0.04921875
146 0.48203125 0.35234375 0.12265625 0.0796875
67 0.22421875 0.334375 0.12890625 0.08046875
67 0.35390625 0.23828125 0.12421875 0.08125
7 0.2640625 0.4859375 0.08046875 0.0453125
67 0.62265625 0.278125 0.11171875 0.08046875
135 0.68203125 0.546875 0.04453125 0.0359375
67 0.18515625 0.278125 0.11875 0.07265625
135 0.66953125 0.571875 0.053125 0.0359375
7 0.27421875 0.53046875 0.06796875 0.04921875
