20 0.7178587962962963 0.17248263888888887 0.2642997685185186 0.1570023148148148
60 0.23964699074074075 0.4304398148148148 0.06674768518518519 0.051012731481481485
135 0.23604166666666665 0.3901041666666667 0.051880787037037024 0.046788194444444466
97 0.3129340277777778 0.33990162037037036 0.13836805555555554 0.1273726851851852
135 0.24251157407407406 0.3599537037037037 0.06053240740740744 0.05523726851851851
135 0.5547743055555555 0.26342592592592595 0.06131365740740744 0.05529513888888893
10 0.49310185185185185 0.2617476851851852 0.048657407407407406 0.03327546296296298
10 0.41593749999999996 0.24325810185185187 0.050254629629629656 0.03807870370370372
10 0.5042997685185184 0.22578125 0.04315972222222229 0.028964120370370418
135 0.41320023148148144 0.19114583333333332 0.0510706018518519 0.04282407407407409
135 0.4764930555555555 0.18489583333333331 0.05271412037037031 0.053877314814814836
