87 0.36015625 0.3296875 0.134375 0.12109375
87 0.4875 0.26953125 0.1046875 0.09921875
67 0.4890625 0.21875 0.12421875 0.07734375
7 0.19296875 0.55078125 0.09140625 0.05078125
7 0.2375 0.49453125 0.0890625 0.04765625
135 0.66171875 0.57578125 0.05546875 0.053125
135 0.7015625 0.55546875 0.05703125 0.0546875
135 0.68046875 0.53671875 0.0375 0.0453125
146 0.48203125 0.35234375 0.12265625 0.0796875
67 0.22421875 0.334375 0.12890625 0.08046875
135 0.23515625 0.459375 0.06015625 0.04296875
135 0.1828125 0.46875 0.05078125 0.04375
67 0.35390625 0.23828125 0.12421875 0.08125
135 0.22890625 0.43046875 0.05703125 0.04296875
