19 0.193125 0.5166666666666667 0.07140624999999998 0.06776041666666668
16 0.23572916666666668 0.46614583333333337 0.13421874999999997 0.09994791666666672
119 0.15953124999999999 0.49088541666666663 0.05890624999999998 0.04359375000000014
124 0.31833333333333336 0.663125 0.06989583333333335 0.04510416666666668
124 0.27359374999999997 0.6515104166666666 0.06218750000000002 0.0578125
59 0.6170312499999999 0.5731770833333333 0.1560416666666665 0.11229166666666668
101 0.49421875000000004 0.5555729166666666 0.04270833333333339 0.04562500000000007
101 0.53953125 0.5703645833333333 0.05135416666666668 0.04697916666666657
118 0.23364583333333333 0.5797916666666667 0.11604166666666664 0.06062499999999993
124 0.19343749999999998 0.5590625 0.06713541666666667 0.038697916666666644
119 0.24015625 0.5409895833333334 0.061302083333333354 0.04453125
101 0.46906250000000005 0.6033333333333333 0.05572916666666679 0.042604166666666644
101 0.4368229166666667 0.58078125 0.05890625000000007 0.043593749999999966
101 0.5074479166666667 0.5925520833333333 0.04572916666666664 0.04427083333333322
124 0.16166666666666668 0.5883333333333333 0.0822916666666667 0.056041666666666504
25 0.46046875 0.48505208333333333 0.11833333333333336 0.0833333333333334
