17 0.31416666666666665 0.617037037037037 0.09489583333333336 0.06640046296296305
137 0.4018055555555556 0.37990162037037034 0.11015625 0.07665509259259266
126 0.4021527777777777 0.6682233796296296 0.041267361111111 0.034392361111111214
57 0.5106076388888889 0.35596064814814815 0.14085069444444437 0.10107060185185182
138 0.15199652777777778 0.14146990740740742 0.11899305555555557 0.08263310185185188
18 0.7238194444444443 0.19171875 0.11131944444444457 0.08529513888888891
105 0.32157986111111114 0.1702199074074074 0.10689236111111118 0.07334490740740737
51 0.24819444444444444 0.4650810185185185 0.06246527777777775 0.037986111111111144
137 0.6755902777777778 0.40391782407407406 0.10550347222222226 0.07715856481481484
60 0.3142534722222222 0.6014583333333333 0.05859375 0.038535879629629656
57 0.13989583333333333 0.2724363425925926 0.11625 0.09104166666666665
51 0.6806597222222222 0.6582349537037037 0.05777777777777775 0.03770833333333332
126 0.7209375 0.5827025462962963 0.05274305555555543 0.0296180555555555
126 0.2917361111111111 0.49804976851851845 0.04748263888888893 0.03398148148148152
126 0.6128472222222222 0.710318287037037 0.04744791666666668 0.033200231481481525
126 0.4142708333333333 0.6954340277777777 0.03562499999999993 0.03016203703703706
62 0.4236284722222222 0.4676851851851852 0.12029513888888896 0.09439814814814831
60 0.6630034722222222 0.6642013888888889 0.0460243055555555 0.036232638888888856
65 0.34939236111111105 0.4804282407407408 0.11791666666666671 0.09347800925925931
138 0.2012673611111111 0.47866319444444444 0.12354166666666666 0.07978587962962962
126 0.7261979166666667 0.5432754629629629 0.05131944444444443 0.03265046296296283
105 0.6872569444444444 0.35084490740740737 0.11171875 0.07674768518518515
126 0.5968576388888889 0.7187210648148149 0.05263888888888886 0.0272743055555555
18 0.3274652777777778 0.28510995370370373 0.11505208333333332 0.0816203703703704
137 0.7539236111111112 0.41323495370370367 0.0875 0.07531250000000007
60 0.7114409722222221 0.6320081018518519 0.058628472222222075 0.03931712962962965
126 0.7030555555555555 0.6011226851851852 0.051423611111111 0.03499421296296301
126 0.23473958333333336 0.5305150462962963 0.06296874999999993 0.031782407407407474
51 0.27112847222222225 0.33241898148148147 0.05687499999999997 0.052459490740740744
65 0.5230729166666667 0.285792824074074 0.13506944444444446 0.09371527777777774
126 0.20628472222222224 0.3285763888888889 0.0485069444444445 0.03949652777777777
51 0.6688888888888889 0.4284548611111111 0.0586631944444445 0.04009837962962966
13 0.8233680555555555 0.32774305555555555 0.12399305555555565 0.12500578703703705
