7 0.5215104166666666 0.6282002314814814 0.07828124999999986 0.05366319444444443
58 0.21979166666666666 0.5433622685185184 0.14921875 0.09054976851851855
114 0.28005208333333337 0.6316145833333333 0.08989583333333329 0.08781250000000007
128 0.46161458333333333 0.5111342592592593 0.09765625 0.06414930555555554
128 0.3709895833333333 0.5165046296296296 0.10072916666666672 0.06355324074074069
5 0.3304166666666667 0.5531481481481482 0.11864583333333334 0.11052662037037031
126 0.16041666666666665 0.5702256944444445 0.045781250000000016 0.033061342592592524
144 0.19994791666666667 0.47917245370370376 0.0651041666666667 0.06611111111111115
11 0.38401041666666663 0.3095196759259259 0.12010416666666668 0.08571180555555555
64 0.66125 0.1545775462962963 0.14260416666666664 0.08471064814814815
