19 0.26039930555555557 0.56796875 0.07244791666666668 0.065625
16 0.28510416666666666 0.50859375 0.13782986111111112 0.0953125
119 0.24842013888888886 0.54453125 0.06043402777777782 0.04140625
124 0.3886979166666667 0.67734375 0.07222222222222223 0.04296875
59 0.6928993055555555 0.59609375 0.1610069444444445 0.10703125
101 0.5497916666666667 0.628125 0.04342013888888889 0.0453125
101 0.5923784722222223 0.61953125 0.05204861111111114 0.04609375
118 0.3411111111111111 0.64375 0.11473958333333334 0.06796875
124 0.2979166666666667 0.62109375 0.06956597222222224 0.0359375
119 0.3197048611111111 0.56640625 0.06359374999999998 0.0421875
101 0.5567708333333333 0.609375 0.045642361111111106 0.025
124 0.2909895833333333 0.65859375 0.10614583333333334 0.0328125
25 0.529079861111111 0.53125 0.12225694444444457 0.07890625
117 0.3832465277777778 0.51953125 0.07477430555555564 0.0828125
