7 0.5441319444444443 0.5469155092592592 0.07390046296296297 0.06685185185185176
11 0.6392187500000001 0.5107986111111111 0.12791087962962955 0.08410879629629626
11 0.18890625 0.3897627314814815 0.10529513888888889 0.08823495370370367
128 0.4251099537037037 0.41171875 0.11993634259259256 0.06177083333333329
128 0.2515162037037037 0.4009027777777778 0.1027835648148148 0.06543981481481484
5 0.3332928240740741 0.25615162037037037 0.11713541666666671 0.10533564814814814
7 0.6017013888888889 0.19413194444444445 0.07850115740740744 0.05541087962962963
7 0.5671238425925926 0.16882523148148149 0.08074652777777765 0.0422685185185185
7 0.23765624999999999 0.21804976851851854 0.09249999999999999 0.04765046296296296
7 0.25612847222222224 0.17943865740740744 0.07383101851851848 0.05747685185185185
7 0.27607060185185184 0.23375000000000004 0.07846064814814815 0.049942129629629586
