62 0.4807407407407407 0.29609375 0.1285127314814815 0.0828125
136 0.3546759259259259 0.3015625 0.11999999999999993 0.084375
65 0.5151099537037037 0.2359375 0.11453124999999993 0.084375
60 0.6963541666666666 0.4921875 0.059259259259259164 0.04296875
57 0.6268750000000001 0.2953125 0.11804976851851841 0.10703125
51 0.6986921296296297 0.5375 0.04992476851851855 0.04375
138 0.39043402777777775 0.2296875 0.12354166666666666 0.07734375
13 0.14947916666666666 0.28125 0.13679976851851855 0.10703125
105 0.4771354166666667 0.365625 0.11372106481481481 0.06875
60 0.6503877314814815 0.3390625 0.06028356481481474 0.04765625
126 0.2529224537037037 0.3203125 0.056793981481481556 0.040625
