62 0.5083333333333334 0.31013888888888885 0.12543402777777785 0.08677083333333328
57 0.3758391203703704 0.359068287037037 0.12485532407407404 0.0999594907407407
136 0.38764467592592594 0.30843171296296296 0.11695601851851851 0.08782407407407407
65 0.5344618055555556 0.25335069444444447 0.11226851851851852 0.08754629629629633
60 0.6547164351851852 0.3647048611111111 0.057754629629629586 0.044646990740740654
57 0.6496238425925925 0.3169560185185185 0.11545138888888892 0.10951388888888891
138 0.413744212962963 0.24075231481481482 0.12034143518518511 0.08102430555555555
13 0.18854166666666666 0.27718750000000003 0.13342013888888887 0.11057870370370368
105 0.5132523148148148 0.37654513888888885 0.11038773148148148 0.07265625
60 0.7435474537037037 0.49286458333333333 0.0588831018518519 0.04938078703703699
126 0.32890625 0.31350694444444444 0.05601851851851851 0.042210648148148164
65 0.7608217592592592 0.3165451388888889 0.10882523148148149 0.09356481481481485
126 0.35078125 0.29380208333333335 0.04487847222222223 0.02832754629629628
