148 0.21510416666666665 0.6228819444444444 0.10916666666666668 0.06951388888888896
4 0.5691145833333333 0.5000868055555555 0.15979166666666664 0.08000000000000007
108 0.18145833333333333 0.4820833333333333 0.07348958333333333 0.0960243055555555
21 0.25114583333333335 0.5869097222222222 0.11171875 0.09609375
86 0.34895833333333337 0.5280555555555556 0.12114583333333337 0.07368055555555557
55 0.39697916666666666 0.4767013888888889 0.1265104166666667 0.0956423611111111
10 0.27619791666666665 0.5866840277777777 0.0578125 0.04809027777777786
86 0.3638541666666667 0.3632986111111111 0.10989583333333339 0.09215277777777775
148 0.6070833333333334 0.38826388888888885 0.09609375 0.06064236111111114
148 0.6388020833333334 0.3584548611111111 0.06380208333333322 0.06772569444444443
100 0.6818229166666667 0.39383680555555556 0.09968749999999993 0.06774305555555564
82 0.5513020833333334 0.2743576388888889 0.11156250000000015 0.08204861111111103
148 0.29489583333333336 0.34142361111111114 0.07260416666666672 0.05934027777777775
