146 0.434375 0.21875 0.1375 0.0890625
9 0.66640625 0.1546875 0.1125 0.0796875
135 0.17734375 0.36640625 0.04921875 0.03515625
67 0.17734375 0.13828125 0.11328125 0.0765625
135 0.2328125 0.37109375 0.0453125 0.0421875
135 0.20625 0.34375 0.05859375 0.04140625
7 0.68125 0.36953125 0.078125 0.0375
7 0.67578125 0.34375 0.08359375 0.02890625
7 0.6765625 0.3234375 0.06875 0.034375
87 0.446875 0.284375 0.10390625 0.103125
9 0.31015625 0.27109375 0.11328125 0.08046875
7 0.25 0.3296875 0.05703125 0.04609375
7 0.2859375 0.32265625 0.06171875 0.04453125
7 0.3140625 0.309375 0.06484375 0.04453125
