105 0.19343749999999998 0.3317071759259259 0.11286458333333331 0.08217013888888891
17 0.21609375000000003 0.4354166666666666 0.09619791666666666 0.06561921296296305
137 0.35515625 0.34546875 0.11166666666666672 0.07587384259259258
126 0.2228125 0.5797569444444445 0.04197916666666668 0.034392361111111214
57 0.46651041666666665 0.30929976851851854 0.14286458333333343 0.10028935185185191
138 0.1309375 0.13697916666666668 0.11984374999999999 0.08180555555555555
18 0.6986458333333333 0.11890046296296297 0.11223958333333339 0.08446759259259258
105 0.29765625 0.14577546296296298 0.10760416666666668 0.07329861111111109
51 0.6631770833333334 0.39413773148148146 0.06322916666666671 0.037986111111111054
137 0.6272395833333333 0.33790509259259255 0.10703125 0.07637731481481484
60 0.3186979166666667 0.6238773148148148 0.05859375 0.03848958333333332
57 0.1034375 0.2693402777777778 0.11734375 0.09099537037037031
51 0.20890625 0.46152199074074074 0.058541666666666714 0.03770833333333332
60 0.23010416666666664 0.5170717592592593 0.06322916666666671 0.037986111111111144
126 0.22953125000000002 0.4789756944444445 0.05333333333333332 0.0296180555555555
126 0.1715625 0.28631365740740744 0.04817708333333335 0.03398148148148152
126 0.5561458333333333 0.6222569444444443 0.04812499999999993 0.033200231481481525
126 0.18567708333333335 0.5414930555555555 0.036249999999999984 0.03016203703703706
62 0.36734374999999997 0.43112268518518515 0.12140624999999998 0.0935706018518518
60 0.51078125 0.6140509259259259 0.05713541666666657 0.03995949074074083
60 0.5856770833333333 0.5994965277777778 0.04598958333333343 0.03618634259259253
65 0.29125 0.4519733796296296 0.11906249999999999 0.09343171296296297
138 0.143125 0.46775462962962966 0.12437500000000004 0.07973958333333328
126 0.6757291666666667 0.4276331018518519 0.037656249999999857 0.039583333333333214
105 0.6448958333333333 0.28316550925925926 0.11244791666666672 0.07592013888888882
126 0.6339062500000001 0.5997511574074075 0.053177083333333285 0.0272743055555555
18 0.29083333333333333 0.2597916666666667 0.1158854166666666 0.08079282407407407
60 0.6199479166666666 0.5406597222222222 0.06526041666666664 0.03343750000000014
126 0.6733854166666667 0.34606481481481477 0.03359375 0.0370081018518519
137 0.70203125 0.32491319444444444 0.08901041666666672 0.07453125000000008
60 0.6380208333333334 0.5613773148148148 0.058645833333333286 0.039270833333333324
126 0.6865104166666667 0.4059837962962963 0.05208333333333339 0.034212962962963014
126 0.13458333333333333 0.18734375 0.06359374999999998 0.031782407407407384
140 0.4397916666666667 0.18482060185185184 0.05421875000000007 0.042899305555555586
