58 0.11416666666666667 0.5335185185185185 0.159375 0.10168981481481473
11 0.640625 0.5623842592592594 0.11875 0.07622685185185177
114 0.59546875 0.5694502314814816 0.11901041666666679 0.09181134259259256
144 0.16161458333333334 0.28041087962962963 0.1015625 0.07533564814814815
64 0.12598958333333332 0.4737673611111111 0.11432291666666669 0.05653356481481477
126 0.1448958333333333 0.34304398148148146 0.05812499999999998 0.04271990740740748
126 0.13786458333333335 0.4014756944444445 0.040989583333333315 0.030931712962962977
7 0.1794791666666667 0.35346064814814815 0.08161458333333335 0.05639467592592595
7 0.2078125 0.3165162037037037 0.1052083333333333 0.04827546296296301
7 0.5878645833333334 0.38953125 0.08703125000000007 0.055896990740740726
7 0.6005729166666667 0.3752951388888889 0.08609375000000004 0.05351273148148152
7 0.5973437500000001 0.34141782407407406 0.09000000000000004 0.053715277777777806
126 0.15942708333333333 0.2897048611111111 0.041145833333333305 0.03327546296296298
126 0.16880208333333332 0.25491319444444444 0.0453125 0.025706018518518548
64 0.3609375 0.30093749999999997 0.14375 0.08920138888888891
