57 0.7460300925925927 0.29877314814814815 0.14904513888888893 0.11930555555555555
57 0.5890393518518519 0.2956655092592593 0.13227430555555558 0.11203125000000007
51 0.7162905092592593 0.3898090277777778 0.07212384259259252 0.05103009259259261
51 0.6751736111111111 0.4439293981481482 0.0652951388888889 0.05483217592592595
18 0.7034317129629629 0.14020833333333332 0.12806712962962977 0.07605902777777777
105 0.4994618055555556 0.21380787037037036 0.11166087962962959 0.07581597222222225
62 0.45071759259259253 0.29439814814814813 0.11966435185185187 0.09467013888888882
138 0.3548206018518519 0.22886574074074076 0.12464699074074073 0.08537615740740741
57 0.2935706018518519 0.35461805555555553 0.1327719907407408 0.10657407407407407
137 0.3258912037037037 0.3042766203703704 0.099068287037037 0.08890046296296301
51 0.29104745370370366 0.3882002314814815 0.05469328703703704 0.046087962962962956
137 0.27965277777777775 0.17067708333333334 0.13007523148148153 0.08467592592592595
138 0.07149739583333334 0.10893518518518519 0.14299479166666668 0.0981770833333333
13 0.10987847222222222 0.2784027777777778 0.1282349537037037 0.12446180555555557
126 0.16093171296296296 0.46993055555555563 0.05830439814814814 0.05550925925925938
126 0.15863425925925925 0.42376736111111113 0.0527141203703704 0.0530844907407408
126 0.17625578703703704 0.40057291666666667 0.055069444444444435 0.03828703703703695
126 0.16486689814814814 0.34880208333333335 0.0569560185185185 0.04456018518518512
126 0.18317708333333332 0.31232638888888886 0.05321180555555558 0.04762731481481479
126 0.07047453703703703 0.2090162037037037 0.052847222222222226 0.04059606481481488
126 0.09200231481481481 0.18587962962962962 0.04182870370370371 0.0388715277777778
140 0.26828124999999997 0.510613425925926 0.21531828703703706 0.13277777777777774
