146 0.4813194444444445 0.18831018518518516 0.15537615740740734 0.10491898148148149
9 0.7425289351851851 0.1075810185185185 0.12789351851851832 0.09453125
135 0.19058449074074074 0.3646122685185185 0.05604745370370372 0.0411168981481481
67 0.19436921296296297 0.10914351851851851 0.1286053240740741 0.08987268518518521
135 0.2530034722222222 0.3677662037037037 0.05147569444444446 0.04875578703703702
135 0.22782407407407407 0.3280960648148148 0.06631944444444446 0.04930555555555553
7 0.7504803240740741 0.30873842592592593 0.08734374999999997 0.04539930555555553
7 0.7500231481481482 0.2868923611111111 0.09423611111111115 0.03628472222222223
7 0.7511863425925925 0.261082175925926 0.07712962962962955 0.0411168981481481
87 0.49429398148148146 0.2612268518518518 0.1181192129629629 0.11993634259259256
9 0.3413773148148148 0.25283564814814813 0.1286863425925926 0.0953414351851852
