62 0.4818287037037036 0.30443287037037037 0.1208912037037038 0.07978009259259267
136 0.36134259259259255 0.30822916666666667 0.11310763888888893 0.08050347222222225
140 0.591087962962963 0.24506944444444442 0.20633680555555553 0.10931134259259263
65 0.5136574074074074 0.24684027777777778 0.10766782407407405 0.08124421296296296
60 0.6872974537037038 0.5591493055555555 0.05541087962962958 0.041024305555555605
57 0.6209490740740741 0.30390046296296297 0.11079282407407405 0.10235532407407408
51 0.6163194444444444 0.36560185185185184 0.04684606481481488 0.041741898148148146
138 0.3951099537037037 0.24049189814814814 0.11678240740740745 0.07428240740740737
13 0.16672453703703702 0.2880324074074074 0.12879050925925925 0.10326967592592595
105 0.4793981481481481 0.3700578703703704 0.10711805555555572 0.06640046296296295
60 0.6855034722222222 0.4176909722222222 0.05714699074074083 0.04572337962962969
126 0.24580439814814814 0.3683275462962963 0.053761574074074045 0.038668981481481526
65 0.7307002314814814 0.2734548611111111 0.10399305555555553 0.08746527777777775
