18 0.709375 0.15625 0.1125 0.0671875
105 0.52890625 0.22578125 0.09765625 0.0671875
126 0.19375 0.3875 0.04609375 0.0359375
105 0.27109375 0.1375 0.1046875 0.071875
18 0.21484375 0.3578125 0.09609375 0.06875
136 0.46484375 0.36640625 0.103125 0.06875
62 0.36015625 0.29453125 0.1125 0.071875
126 0.16953125 0.2515625 0.0484375 0.03359375
57 0.71015625 0.3546875 0.12109375 0.09609375
51 0.7296875 0.41484375 0.05859375 0.0375
13 0.58359375 0.3453125 0.1203125 0.10703125
65 0.590625 0.27109375 0.11484375 0.084375
126 0.175 0.36796875 0.0515625 0.02578125
105 0.35234375 0.2390625 0.09765625 0.04765625
60 0.66875 0.39609375 0.04765625 0.04375
126 0.14296875 0.19296875 0.03203125 0.0296875
60 0.6015625 0.2859375 0.05234375 0.03671875
62 0.4921875 0.271875 0.1109375 0.0765625
