146 0.4229166666666667 0.19484375 0.1554976851851851 0.09861111111111112
67 0.13998842592592592 0.11505208333333332 0.12795138888888888 0.08473958333333335
87 0.4421875 0.26484375 0.11993634259259256 0.11342013888888891
9 0.2942708333333333 0.2540451388888889 0.12829861111111107 0.08942708333333335
67 0.5826388888888889 0.2382465277777778 0.1460069444444443 0.09684027777777775
135 0.767824074074074 0.4986284722222222 0.06296296296296297 0.04975694444444443
135 0.7358796296296296 0.48994791666666676 0.054600694444444285 0.052690972222222146
135 0.6823784722222221 0.47548611111111116 0.05737847222222214 0.048072916666666646
135 0.6990162037037038 0.3726041666666667 0.04861111111111107 0.045538194444444444
7 0.7285300925925926 0.3907291666666667 0.07410300925925917 0.04220486111111103
135 0.7304398148148148 0.45876736111111105 0.05037615740740744 0.037777777777777646
7 0.690162037037037 0.33758680555555554 0.08136574074074084 0.045486111111111074
9 0.39979745370370373 0.3369965277777778 0.1372106481481481 0.08338541666666668
7 0.26417824074074076 0.5450347222222222 0.07792245370370372 0.05164930555555571
7 0.23509837962962962 0.4799479166666667 0.0723958333333333 0.0296875
7 0.23223379629629629 0.4518402777777778 0.07962962962962958 0.043107638888889
135 0.7105902777777777 0.42321180555555554 0.06883680555555553 0.03428819444444446
135 0.16576967592592592 0.36802083333333335 0.04820601851851851 0.04006944444444445
135 0.1687789351851852 0.3241319444444445 0.051446759259259255 0.04170138888888886
135 0.1744212962962963 0.3052256944444444 0.04898726851851851 0.04008680555555557
7 0.2508680555555555 0.36534722222222216 0.09626736111111107 0.04659722222222218
7 0.25231481481481477 0.34262152777777777 0.06721643518518512 0.033472222222222216
7 0.2658275462962963 0.3243229166666667 0.06863425925925934 0.04208333333333334
7 0.28686342592592595 0.6188715277777778 0.08888888888888893 0.04175347222222214
