100 0.3709201388888889 0.6732349537037037 0.09094328703703702 0.05407986111111107
55 0.37297453703703703 0.49103009259259256 0.15422453703703703 0.09855324074074083
148 0.320949074074074 0.6072337962962964 0.0659143518518519 0.05237268518518512
148 0.32641782407407405 0.5863136574074075 0.06281828703703703 0.053038194444444464
148 0.273900462962963 0.5679398148148148 0.07115162037037041 0.04632523148148149
4 0.4307581018518518 0.5361979166666666 0.1192997685185185 0.06137152777777786
82 0.25049189814814815 0.5240451388888889 0.08952546296296297 0.057928240740740836
86 0.6074074074074074 0.5192708333333333 0.0939525462962962 0.09320023148148149
10 0.5105613425925926 0.6416377314814815 0.05370370370370381 0.03865740740740744
10 0.56328125 0.6334201388888889 0.057089120370370415 0.045804398148148094
10 0.5858796296296296 0.5513310185185185 0.054282407407407265 0.03321759259259256
10 0.6695023148148148 0.5536458333333334 0.05726273148148149 0.029427083333333215
108 0.746267361111111 0.5087673611111111 0.09024884259259273 0.07745949074074084
100 0.23697916666666666 0.5086805555555556 0.09042245370370372 0.04001736111111107
55 0.5244791666666666 0.49820601851851853 0.10931712962962976 0.08674768518518512
21 0.70078125 0.6385127314814815 0.1158854166666666 0.0955729166666666
86 0.572048611111111 0.3544560185185185 0.12436342592592595 0.09276620370370381
