27 0.38369791666666664 0.6946469907407408 0.09135416666666671 0.0642939814814815
141 0.3910416666666666 0.6765335648148149 0.07015624999999996 0.04950810185185191
27 0.41192708333333333 0.6866319444444444 0.10885416666666661 0.07025462962962958
27 0.718125 0.603587962962963 0.17802083333333343 0.0932581018518519
127 0.3078125 0.5475405092592592 0.11005208333333334 0.1232060185185185
96 0.4074999999999999 0.5269386574074074 0.10343750000000007 0.07063078703703703
22 0.7770312500000001 0.5659722222222222 0.08182291666666668 0.061255787037037025
53 0.7095312500000001 0.5563078703703704 0.07124999999999986 0.05425347222222214
22 0.25244791666666666 0.544994212962963 0.07458333333333336 0.06927083333333339
27 0.17729166666666668 0.5137731481481481 0.1697916666666667 0.09809027777777786
122 0.21088541666666666 0.4696180555555555 0.09479166666666669 0.08087384259259256
96 0.80375 0.2787615740740741 0.13953124999999994 0.0989583333333333
