87 0.44140625 0.26484375 0.125 0.10546875
9 0.178125 0.159375 0.115625 0.09296875
67 0.66875 0.1578125 0.1234375 0.08203125
146 0.665625 0.35078125 0.134375 0.08125
135 0.7734375 0.46640625 0.0609375 0.034375
135 0.55234375 0.275 0.04453125 0.0359375
135 0.65703125 0.45859375 0.04453125 0.0328125
7 0.18203125 0.31796875 0.06953125 0.04375
67 0.484375 0.21484375 0.1234375 0.06640625
135 0.51796875 0.259375 0.04140625 0.03828125
135 0.63828125 0.24140625 0.0515625 0.03125
135 0.628125 0.2109375 0.0453125 0.03359375
