128 0.37265625 0.45610532407407406 0.10666666666666665 0.056944444444444464
7 0.7146874999999999 0.5703125 0.08072916666666678 0.05364583333333339
7 0.7034895833333333 0.5433159722222223 0.08296874999999986 0.04048032407407405
7 0.23125 0.5083333333333334 0.09421875000000002 0.04557291666666678
7 0.29640625 0.510619212962963 0.08156250000000007 0.042766203703703806
58 0.2551041666666667 0.3140046296296296 0.15489583333333332 0.09068287037037033
126 0.28036458333333336 0.36397569444444444 0.03411458333333339 0.03243634259259256
144 0.2625 0.2839699074074074 0.08604166666666666 0.06319444444444447
114 0.25526041666666666 0.4455729166666666 0.11364583333333336 0.07980324074074083
128 0.525625 0.40109953703703705 0.10093749999999986 0.06452546296296298
128 0.3830208333333333 0.41186342592592595 0.10395833333333329 0.06307870370370364
5 0.14604166666666668 0.3814814814814815 0.13572916666666668 0.13049768518518512
126 0.15921875000000002 0.3206886574074074 0.03864583333333336 0.03026620370370372
126 0.7104166666666666 0.35353009259259255 0.04932291666666657 0.03845486111111107
