146 0.4688541666666667 0.19626736111111112 0.1543055555555556 0.10243055555555554
135 0.3313888888888889 0.5542824074074074 0.055607638888888825 0.04027777777777786
67 0.1852777777777778 0.11912615740740742 0.12711805555555555 0.08738425925925926
135 0.22758680555555558 0.49004629629629626 0.0652951388888889 0.04765625
7 0.7809201388888889 0.544675925925926 0.08618055555555557 0.04375
116 0.6348263888888889 0.4796585648148148 0.3246701388888889 0.16255787037037042
7 0.7726041666666668 0.5160300925925926 0.09201388888888892 0.03460648148148149
87 0.4860763888888888 0.26684027777777775 0.11750000000000008 0.11666666666666661
9 0.3370138888888889 0.258275462962963 0.12732638888888886 0.09207175925925926
7 0.2653819444444444 0.548119212962963 0.08074652777777783 0.04432870370370381
7 0.2775520833333333 0.5226273148148148 0.0930381944444445 0.04010416666666679
7 0.26421875 0.5043402777777778 0.10020833333333332 0.043489583333333394
67 0.6295659722222222 0.2380497685185185 0.14482638888888885 0.0997395833333333
135 0.7830902777777777 0.3998263888888889 0.06234374999999996 0.051446759259259255
135 0.7327777777777778 0.3946469907407407 0.053888888888888785 0.05425347222222214
135 0.2373090277777778 0.46229745370370373 0.06657986111111107 0.041464120370370415
135 0.23090277777777776 0.44140625 0.06494791666666666 0.03984375
116 0.5494618055555556 0.583767361111111 0.3121701388888889 0.16209490740740726
135 0.7205555555555556 0.3661458333333333 0.056805555555555644 0.049681712962962976
133 0.3405555555555556 0.44360532407407405 0.1435590277777777 0.0887731481481481
8 0.38506944444444446 0.3535300925925926 0.15888888888888886 0.06516203703703702
7 0.6918923611111112 0.16140046296296295 0.05723958333333332 0.04189814814814814
7 0.7003819444444443 0.12352430555555553 0.08088541666666664 0.04745370370370372
