27 0.3118923611111111 0.6747685185185185 0.088431712962963 0.059097222222222176
141 0.32104166666666667 0.6558912037037038 0.06770254629629627 0.04473379629629619
27 0.34031828703703704 0.6641956018518519 0.10573495370370374 0.06325810185185184
27 0.6535763888888889 0.5549131944444444 0.17345486111111103 0.08222222222222228
127 0.2504340277777778 0.5351157407407408 0.10494212962962965 0.11556712962962976
96 0.3520486111111111 0.5054976851851851 0.10028935185185181 0.06395833333333342
22 0.7157638888888889 0.5118229166666667 0.07896412037037041 0.05583333333333336
53 0.6494965277777778 0.5081192129629629 0.06862268518518526 0.04943287037037045
22 0.19494212962962965 0.53671875 0.07140624999999998 0.06431134259259252
27 0.12302662037037038 0.5127951388888888 0.16424189814814816 0.08755208333333328
122 0.16111111111111112 0.4661574074074074 0.09123842592592588 0.07475694444444443
96 0.7703761574074074 0.22364004629629627 0.13464699074074069 0.09023726851851847
