146 0.42931134259259257 0.21289930555555556 0.1461053240740741 0.09376736111111113
67 0.17028356481481483 0.1250173611111111 0.1204571759259259 0.08071180555555557
87 0.43910879629629634 0.2803819444444445 0.11171875 0.10782986111111104
9 0.2991724537037037 0.26397569444444446 0.12065972222222224 0.08461805555555557
67 0.5754398148148148 0.2607291666666667 0.1366493055555555 0.09199652777777771
135 0.7050347222222222 0.5670833333333334 0.058640046296296336 0.04734374999999993
135 0.702494212962963 0.5255729166666667 0.050989583333333324 0.050295138888888855
135 0.652494212962963 0.5244618055555555 0.05387152777777793 0.045677083333333354
135 0.6778703703703703 0.42725694444444445 0.045937499999999964 0.04315972222222229
7 0.6929398148148149 0.4534027777777778 0.06917245370370359 0.0397743055555555
135 0.6000578703703703 0.51 0.047094907407407405 0.035381944444444355
7 0.6697395833333333 0.38796875000000003 0.07640624999999997 0.04383680555555554
9 0.38949074074074075 0.3473263888888889 0.12896990740740738 0.07934027777777777
7 0.2696354166666667 0.5621006944444444 0.07278356481481482 0.04921875
7 0.22501736111111112 0.5024479166666667 0.06778356481481485 0.028038194444444463
7 0.21521412037037035 0.4803298611111112 0.07468171296296297 0.04067708333333329
135 0.6553125 0.5002777777777778 0.06490162037037024 0.032656250000000143
135 0.18766203703703704 0.42340277777777774 0.04565393518518519 0.037690972222222285
135 0.17361689814814815 0.39258680555555553 0.048078703703703686 0.03930555555555557
135 0.17627314814814815 0.3715277777777778 0.04569444444444448 0.03847222222222228
7 0.22300925925925927 0.4054166666666667 0.09050925925925926 0.04493055555555543
7 0.23368055555555553 0.380625 0.06329861111111104 0.0318402777777778
7 0.2465740740740741 0.35822916666666665 0.06448495370370377 0.03967013888888893
