18 0.7253703703703703 0.3373611111111111 0.13526041666666658 0.08317708333333336
136 0.36898726851851854 0.36572916666666666 0.13608217592592595 0.08399305555555561
105 0.35064814814814815 0.31407986111111114 0.12409143518518526 0.06319444444444447
126 0.6790104166666666 0.36447916666666663 0.04310763888888882 0.034652777777777824
138 0.5753414351851852 0.3283680555555556 0.11177083333333329 0.0961631944444445
13 0.7691782407407407 0.26102430555555556 0.12311342592592603 0.10446180555555565
126 0.6577662037037036 0.3474131944444444 0.04285300925925917 0.044774305555555574
126 0.6586516203703704 0.31918402777777777 0.049357638888889 0.034930555555555555
126 0.6558043981481482 0.27937500000000004 0.0338136574074074 0.03579861111111118
126 0.5906365740740741 0.27600694444444446 0.04487268518518519 0.03862847222222223
137 0.22686921296296295 0.28277777777777774 0.10906249999999992 0.08902777777777775
18 0.3935416666666667 0.2503125 0.1374305555555555 0.09496527777777786
