17 0.708275462962963 0.5497453703703703 0.10792824074074084 0.06560763888888879
138 0.5075810185185186 0.2463773148148148 0.12387152777777785 0.08056134259259258
105 0.16302083333333334 0.32240740740740736 0.12494212962962963 0.08447337962962961
62 0.3080439814814815 0.29631944444444447 0.1583333333333333 0.0925289351851852
137 0.34389467592592593 0.3476446759259259 0.12285879629629629 0.07743055555555553
126 0.1619212962962963 0.49751157407407404 0.046354166666666655 0.03548032407407398
126 0.7095486111111111 0.5036168981481481 0.04730902777777786 0.037829861111111106
57 0.46171875 0.3131597222222222 0.1575231481481481 0.1026736111111111
138 0.06712962962962962 0.1042476851851852 0.12482638888888889 0.08291087962962962
126 0.7141203703703705 0.48091435185185183 0.050434027777777855 0.037853009259259274
126 0.16131365740740738 0.4787557870370371 0.05034722222222223 0.026140046296296404
65 0.672800925925926 0.26078703703703704 0.11218171296296298 0.09140625
18 0.688773148148148 0.11762152777777776 0.12355324074074084 0.08680555555555554
105 0.24994212962962964 0.1239988425925926 0.11872106481481479 0.07427662037037037
137 0.6369791666666667 0.3470370370370371 0.11744791666666679 0.07817129629629634
51 0.545630787037037 0.36960069444444443 0.05407986111111107 0.04490740740740744
60 0.713917824074074 0.4465219907407407 0.0646122685185185 0.03951967592592602
126 0.11435185185185186 0.3407465277777778 0.04409722222222223 0.02609374999999998
57 0.06684027777777778 0.2480787037037037 0.10286458333333333 0.0921180555555555
51 0.1463252314814815 0.3819386574074074 0.06455439814814815 0.03873842592592584
126 0.10196759259259261 0.3212962962962963 0.05844907407407405 0.030104166666666644
126 0.06854745370370371 0.19725694444444444 0.0533275462962963 0.03475115740740744
126 0.6578993055555555 0.32343171296296297 0.052430555555555536 0.0331828703703704
126 0.6868055555555556 0.3443229166666667 0.03975694444444446 0.03074652777777782
126 0.6750578703703705 0.29125578703703703 0.06779513888888893 0.04032407407407401
62 0.3704861111111111 0.44281249999999994 0.13362268518518522 0.09625000000000003
