87 0.39187500000000003 0.2557523148148148 0.1522222222222222 0.13957754629629626
67 0.5447569444444444 0.13473958333333333 0.13942708333333337 0.09079282407407407
7 0.2170659722222222 0.4806076388888888 0.10281250000000001 0.059259259259259164
7 0.27416666666666667 0.41168402777777774 0.09960069444444448 0.05526041666666668
135 0.738454861111111 0.47844907407407405 0.06302083333333322 0.060422453703703735
135 0.7851909722222222 0.47081018518518525 0.0646354166666665 0.06281250000000008
135 0.8044965277777777 0.42489583333333336 0.04251736111111128 0.05122685185185176
146 0.5402256944444443 0.28262731481481485 0.13868055555555542 0.09233217592592595
67 0.25385416666666666 0.27156828703703706 0.14572916666666663 0.09332175925925927
135 0.27937500000000004 0.3646238425925926 0.06746527777777782 0.04962384259259256
135 0.2209722222222222 0.4101331018518518 0.05732638888888886 0.05010416666666675
67 0.39522569444444444 0.1602777777777778 0.13951388888888888 0.09469907407407403
135 0.2895659722222222 0.33070601851851855 0.06434027777777782 0.049531249999999985
135 0.29848958333333336 0.3101157407407407 0.05105902777777782 0.049137731481481414
7 0.43624999999999997 0.21222222222222223 0.09407986111111111 0.0527546296296296
