17 0.70546875 0.50625 0.0921875 0.05859375
138 0.53359375 0.27578125 0.10625 0.071875
105 0.21875 0.3421875 0.10625 0.075
62 0.35078125 0.31953125 0.1359375 0.08203125
137 0.3796875 0.36640625 0.10546875 0.06875
126 0.2046875 0.40546875 0.03984375 0.03125
126 0.6953125 0.390625 0.03984375 0.034375
57 0.48828125 0.3359375 0.13515625 0.09140625
138 0.14375 0.14609375 0.11328125 0.07421875
126 0.6953125 0.41328125 0.04296875 0.03359375
126 0.1921875 0.3921875 0.04375 0.02265625
65 0.68125 0.28984375 0.09453125 0.08203125
18 0.7046875 0.1609375 0.10546875 0.07734375
60 0.6921875 0.46328125 0.05 0.03671875
105 0.309375 0.1640625 0.1015625 0.06640625
137 0.64375 0.3671875 0.10078125 0.06953125
51 0.684375 0.4390625 0.04609375 0.03984375
60 0.6828125 0.33125 0.05625 0.03515625
126 0.20078125 0.26171875 0.03828125 0.02265625
57 0.12578125 0.275 0.1109375 0.0828125
