87 0.401707175925926 0.29552083333333334 0.1541956018518519 0.1410069444444444
87 0.5364583333333334 0.2274131944444444 0.11591435185185191 0.11824652777777782
135 0.780150462962963 0.4893923611111111 0.06553819444444428 0.06374999999999993
146 0.5369791666666667 0.32571180555555557 0.13920717592592596 0.09432291666666667
67 0.25190972222222224 0.29432291666666666 0.14626736111111108 0.09541666666666666
67 0.3909143518518518 0.19364583333333335 0.1400752314814815 0.09670138888888884
67 0.6902199074074075 0.25140625 0.12673611111111108 0.09454861111111112
135 0.7754340277777778 0.42522569444444447 0.05066550925925917 0.04124999999999997
67 0.20503472222222224 0.2290625 0.13423032407407404 0.08630208333333336
135 0.8192708333333334 0.40845486111111107 0.04782986111111107 0.04892361111111114
135 0.7888310185185186 0.3868229166666667 0.053125 0.044479166666666715
135 0.24508101851851852 0.44689236111111114 0.06626157407407404 0.041163194444444426
135 0.2466435185185185 0.4259027777777778 0.06675347222222223 0.03338541666666668
135 0.3092013888888889 0.26177083333333334 0.05124421296296298 0.035815972222222214
135 0.2427083333333333 0.3828298611111111 0.06012731481481488 0.04401041666666661
135 0.17063078703703705 0.3109895833333334 0.05306712962962963 0.042916666666666714
135 0.3312210648148148 0.28770833333333334 0.03787615740740744 0.0328819444444445
