87 0.5170833333333333 0.24519675925925927 0.11342013888888883 0.11254050925925929
135 0.7546354166666667 0.4953530092592593 0.06383680555555564 0.06061921296296298
146 0.5168923611111111 0.34205439814814814 0.13631944444444458 0.08849537037037036
67 0.2344444444444444 0.3212152777777778 0.1433506944444444 0.08854745370370373
67 0.37428819444444444 0.2167997685185185 0.13791666666666674 0.09006944444444445
67 0.6697916666666666 0.2627314814814815 0.12461805555555543 0.08918981481481483
135 0.7337847222222222 0.43583333333333335 0.04930555555555553 0.039421296296296225
67 0.19010416666666669 0.25917824074074075 0.13222222222222224 0.07987268518518516
135 0.79421875 0.4136284722222222 0.04633680555555557 0.04642939814814806
135 0.7649479166666666 0.39700810185185187 0.051701388888888825 0.04178240740740744
135 0.22166666666666668 0.484375 0.06567708333333329 0.037980324074074014
135 0.2500868055555555 0.46271412037037035 0.06552083333333325 0.03094907407407401
135 0.2913368055555556 0.3856886574074074 0.04994791666666672 0.03317708333333336
135 0.1951041666666667 0.4490277777777777 0.05949652777777779 0.041059027777777854
9 0.7120659722222222 0.12634837962962964 0.13552083333333337 0.08770833333333332
135 0.3013194444444444 0.44825231481481487 0.05942708333333328 0.03793402777777786
7 0.6781076388888889 0.2151446759259259 0.08057291666666658 0.040434027777777715
7 0.6813368055555555 0.18470486111111112 0.06640625 0.035642361111111145
