18 0.7266493055555555 0.1310474537037037 0.1184085648148148 0.07215277777777777
126 0.23082175925925927 0.4375925925925926 0.04877893518518519 0.03810763888888893
105 0.27489583333333334 0.1256539351851852 0.11087962962962958 0.07739004629629628
18 0.24116898148148147 0.35043402777777777 0.10208333333333339 0.07322916666666668
136 0.48626736111111113 0.3541261574074074 0.1091550925925926 0.07421875
17 0.36917824074074074 0.2840451388888889 0.11943287037037038 0.0768634259259259
126 0.21198495370370368 0.3912037037037037 0.0517824074074074 0.03585648148148142
13 0.6078298611111111 0.32939814814814816 0.12914930555555557 0.11381365740740738
126 0.22952546296296297 0.41259259259259257 0.054502314814814844 0.028136574074074085
105 0.36465856481481485 0.22706018518518517 0.10333333333333332 0.05220486111111109
126 0.17783564814814815 0.3663946759259259 0.034392361111111124 0.03144097222222229
13 0.6356481481481481 0.24719907407407407 0.1321122685185184 0.11078124999999997
62 0.5094097222222222 0.25719907407407405 0.11815393518518516 0.08228587962962966
126 0.16543981481481482 0.33859374999999997 0.03242476851851852 0.02358217592592595
138 0.5055902777777778 0.1986284722222222 0.1222743055555556 0.07148726851851853
57 0.2362962962962963 0.27155092592592595 0.12599537037037037 0.09811921296296297
