148 0.22421875 0.5265625 0.09453125 0.06015625
4 0.58359375 0.4671875 0.1390625 0.06875
108 0.23203125 0.43359375 0.0609375 0.08515625
21 0.23203125 0.49140625 0.08359375 0.08203125
86 0.3484375 0.44296875 0.1046875 0.0640625
55 0.3734375 0.41875 0.10859375 0.084375
10 0.534375 0.5203125 0.04921875 0.0421875
10 0.2640625 0.48203125 0.06171875 0.028125
86 0.390625 0.3109375 0.09375 0.08125
148 0.54921875 0.34765625 0.0828125 0.05234375
148 0.58984375 0.31484375 0.053125 0.06015625
100 0.6421875 0.3171875 0.08515625 0.05859375
82 0.5265625 0.25078125 0.0953125 0.071875
