87 0.4370081018518519 0.2607291666666667 0.13292824074074083 0.11321759259259263
9 0.16030671296296298 0.15867476851851853 0.12315972222222223 0.0996585648148148
67 0.6696354166666667 0.14201967592592593 0.1306481481481482 0.0889525462962963
146 0.6724594907407407 0.3428935185185185 0.14234375000000005 0.08851851851851852
135 0.7965509259259259 0.3876967592592592 0.0643229166666666 0.03703125000000007
135 0.7479050925925926 0.3821006944444444 0.047986111111111104 0.03888888888888893
135 0.7611574074074074 0.35434027777777777 0.04787037037037045 0.03498263888888893
7 0.16980324074074074 0.29445023148148153 0.0739988425925926 0.04746527777777772
7 0.1652951388888889 0.2742534722222222 0.0839236111111111 0.0399537037037037
7 0.1575925925925926 0.25180555555555556 0.07480324074074077 0.04826967592592588
