10 0.6642187500000001 0.45472222222222225 0.049583333333333354 0.042708333333333216
10 0.7306250000000001 0.4870312500000001 0.05453125000000014 0.03513888888888879
10 0.671875 0.4872916666666667 0.06062499999999993 0.033072916666666785
84 0.7120833333333334 0.3852083333333333 0.06692708333333322 0.057500000000000016
60 0.2284375 0.4411805555555556 0.06463541666666668 0.05817708333333336
135 0.38005208333333335 0.27067708333333335 0.06354166666666661 0.06513888888888886
135 0.49328125 0.2766145833333334 0.08005208333333336 0.05574652777777782
135 0.4372395833333333 0.2587326388888889 0.06348958333333332 0.05267361111111111
69 0.44682291666666674 0.5082638888888888 0.13895833333333343 0.09809027777777786
10 0.6235416666666667 0.46749999999999997 0.04864583333333332 0.02864583333333339
10 0.7070833333333333 0.46300347222222216 0.0609375 0.026076388888888857
142 0.6551562499999999 0.5303472222222222 0.2773958333333333 0.14163194444444435
