18 0.7389988425925925 0.27557291666666667 0.13339120370370364 0.08697916666666661
137 0.37875 0.3120833333333334 0.13339699074074077 0.0877604166666666
105 0.3635127314814815 0.26078125 0.12309027777777767 0.06677083333333336
57 0.21542245370370372 0.22380208333333332 0.12653935185185183 0.11072916666666668
13 0.6435879629629631 0.18979166666666666 0.11407407407407391 0.1145833333333333
138 0.4963194444444444 0.14729166666666665 0.11857638888888893 0.08989583333333333
60 0.23479166666666665 0.4552083333333334 0.060549768518518475 0.05713541666666657
126 0.6646296296296297 0.40625 0.05812500000000007 0.04604166666666672
126 0.7147048611111111 0.39276041666666667 0.04402777777777782 0.04041666666666668
126 0.6820543981481482 0.37307291666666664 0.05110532407407398 0.04713541666666661
138 0.5891203703703705 0.26916666666666667 0.10928240740740733 0.10020833333333332
126 0.665462962962963 0.29375 0.04400462962962948 0.03729166666666668
13 0.7879918981481481 0.19734375 0.11949652777777793 0.10869791666666666
60 0.2405439814814815 0.41656250000000006 0.06204861111111111 0.04864583333333332
51 0.24693287037037037 0.5028125 0.05813657407407406 0.04760416666666671
126 0.6828877314814814 0.2605729166666667 0.04560185185185191 0.04208333333333334
126 0.5210011574074074 0.18859374999999998 0.054172453703703737 0.03953125000000002
