72 0.32488425925925923 0.63796875 0.3763310185185185 0.21088541666666671
125 0.6755208333333333 0.4831250000000001 0.09797453703703703 0.08427083333333343
126 0.25902777777777775 0.5943229166666667 0.06174768518518521 0.03598958333333328
126 0.23912037037037032 0.65109375 0.0543981481481481 0.04171875000000007
126 0.3129918981481482 0.6607291666666667 0.05095486111111107 0.04770833333333328
126 0.2869791666666667 0.5561458333333333 0.05506365740740744 0.04020833333333336
126 0.4140914351851852 0.6525520833333334 0.045949074074074045 0.03260416666666668
126 0.22239583333333335 0.5801041666666666 0.05355902777777777 0.040885416666666785
126 0.2933159722222222 0.6719791666666667 0.056076388888888926 0.04338541666666664
126 0.19635416666666666 0.5501041666666666 0.05237268518518521 0.035364583333333324
126 0.2015335648148148 0.5119791666666667 0.04195601851851851 0.04166666666666678
113 0.42060185185185184 0.38447916666666665 0.3346643518518519 0.17312499999999992
56 0.14487847222222222 0.36531250000000004 0.278443287037037 0.13828125
