84 0.26953125 0.6284722222222221 0.075 0.05211805555555564
97 0.6765625 0.5793634259259259 0.1390625 0.1338425925925925
10 0.49140625 0.6166724537037037 0.05234375 0.039450231481481524
10 0.56796875 0.623917824074074 0.05546875 0.02775462962962969
10 0.54140625 0.6077083333333333 0.0390625 0.0315393518518519
10 0.6203125 0.4516550925925927 0.075 0.033368055555555644
10 0.58671875 0.4409664351851852 0.0484375 0.022233796296296227
10 0.5734375 0.4129398148148148 0.06328125 0.03171874999999993
10 0.646875 0.41473958333333333 0.05625 0.03166666666666664
84 0.678125 0.33013310185185185 0.07578125 0.05134259259259259
135 0.62109375 0.22586805555555553 0.06484375 0.05204282407407401
135 0.6765625 0.23561342592592593 0.053125 0.04414351851851848
135 0.184375 0.5486342592592592 0.05 0.04255787037037031
135 0.2328125 0.513900462962963 0.065625 0.031736111111111145
135 0.2125 0.48983217592592593 0.0703125 0.05052083333333339
135 0.221875 0.4608564814814814 0.0765625 0.046660879629629545
60 0.203125 0.5813078703703705 0.046875 0.037065972222222146
60 0.3734375 0.2027025462962963 0.06015625 0.04575810185185185
60 0.50859375 0.2071701388888889 0.0546875 0.03790509259259256
135 0.37421875 0.16675925925925927 0.0546875 0.04181134259259256
135 0.42578125 0.1726273148148148 0.0484375 0.04879629629629632
135 0.48828125 0.17138310185185185 0.04921875 0.049583333333333354
