55 0.28674189814814816 0.350462962962963 0.11865162037037039 0.09733796296296297
86 0.28180555555555553 0.39435185185185184 0.1492997685185185 0.0890335648148148
148 0.18541666666666665 0.4444386574074074 0.08168402777777777 0.05155092592592592
108 0.23087962962962966 0.3078414351851852 0.07921874999999998 0.0887731481481481
4 0.48313657407407407 0.3863136574074074 0.12434027777777779 0.07509837962962962
10 0.35400462962962964 0.3846238425925926 0.06784722222222221 0.04138888888888888
55 0.3436689814814815 0.27001736111111113 0.11074074074074076 0.08207754629629634
86 0.35560185185185184 0.20002314814814817 0.114693287037037 0.08309027777777782
21 0.308130787037037 0.3048206018518519 0.11763888888888889 0.09338541666666664
10 0.34166087962962965 0.44841435185185186 0.04183449074074073 0.035954861111111215
