87 0.5162326388888889 0.2109201388888889 0.11837384259259273 0.11578125000000003
135 0.7383043981481482 0.4684895833333334 0.06644097222222226 0.06234375000000014
146 0.5087847222222222 0.30930555555555556 0.1412962962962963 0.09131944444444447
67 0.22385995370370368 0.2834201388888889 0.1483680555555555 0.0922569444444444
67 0.37315972222222216 0.17958333333333332 0.1421990740740741 0.09368055555555554
67 0.6700694444444444 0.2307638888888889 0.12887731481481488 0.09260416666666664
135 0.7218923611111111 0.40789930555555554 0.051284722222222176 0.04093750000000007
67 0.18335069444444443 0.21994791666666663 0.13620370370370374 0.08340277777777771
135 0.7856076388888888 0.3858506944444445 0.048524305555555716 0.04789930555555557
135 0.7567708333333333 0.36878472222222225 0.053749999999999964 0.043333333333333356
135 0.19882523148148148 0.4494618055555556 0.06760995370370368 0.039739583333333425
135 0.2288657407407407 0.42822916666666666 0.06802662037037041 0.03272569444444447
135 0.276707175925926 0.3502951388888889 0.051741898148148203 0.03470486111111111
135 0.1741261574074074 0.41293402777777777 0.06152199074074072 0.04272569444444443
9 0.7233333333333334 0.09350694444444445 0.1397337962962963 0.09128472222222221
135 0.2820196759259259 0.4137673611111111 0.06135995370370369 0.03960069444444443
7 0.6819560185185185 0.18253472222222222 0.08335648148148138 0.04243055555555557
7 0.6874826388888888 0.1513715277777778 0.0690104166666666 0.036649305555555546
