57 0.7889351851851852 0.21134259259259255 0.14333333333333337 0.12268518518518512
18 0.7318171296296296 0.06264467592592592 0.12325810185185179 0.08072916666666667
105 0.5426967592592593 0.1511574074074074 0.10763310185185197 0.07957175925925926
138 0.11900462962962963 0.08686342592592591 0.13997685185185182 0.10298032407407406
126 0.20765625000000001 0.45046296296296295 0.05120370370370368 0.04192708333333321
105 0.2620138888888889 0.07705439814814814 0.11572916666666666 0.08561921296296297
18 0.2148321759259259 0.3166087962962963 0.10611111111111118 0.0802372685185185
136 0.48250578703703706 0.3061921296296296 0.11396412037037038 0.08159722222222224
62 0.36603587962962963 0.237962962962963 0.12428240740740745 0.08547453703703703
126 0.24797453703703703 0.36591435185185184 0.05342592592592599 0.03975694444444446
57 0.7427951388888889 0.27436342592592594 0.13425347222222223 0.11267361111111107
51 0.7672511574074073 0.33764467592592595 0.06456597222222235 0.044473379629629585
13 0.6078935185185185 0.2741608796296296 0.13486111111111115 0.12439236111111107
65 0.6116145833333333 0.19467592592592592 0.12653356481481487 0.09887152777777777
17 0.6902372685185185 0.3951099537037037 0.0926793981481481 0.06134259259259256
126 0.19420138888888888 0.35734953703703703 0.05610532407407405 0.03139467592592595
105 0.3551446759259259 0.17916666666666667 0.10732060185185191 0.058535879629629625
60 0.7171296296296296 0.3390046296296296 0.05321180555555571 0.05063657407407405
126 0.17733796296296295 0.25899884259259254 0.041140046296296265 0.02795138888888893
126 0.17900462962962965 0.2306423611111111 0.03599537037037037 0.03379629629629628
