11 0.6442418981481481 0.5293923611111111 0.12378472222222214 0.07893518518518512
11 0.3064236111111111 0.41149305555555554 0.08969907407407404 0.0639120370370371
128 0.429224537037037 0.3667708333333334 0.10028935185185191 0.05510416666666664
5 0.3580729166666667 0.3477604166666667 0.11438078703703702 0.09872106481481477
7 0.6918402777777778 0.31401620370370364 0.0760127314814815 0.052285879629629585
7 0.6842592592592592 0.2784027777777777 0.07786458333333339 0.039126157407407366
7 0.27349537037037036 0.36780092592592595 0.08897569444444446 0.044380787037037
7 0.25396412037037036 0.38994791666666667 0.0758101851851852 0.046817129629629584
7 0.27806712962962965 0.3432986111111111 0.07638888888888892 0.04138888888888888
58 0.3541666666666667 0.11548611111111111 0.1518229166666666 0.09910300925925926
