116 0.44293402777777774 0.26335648148148144 0.2874189814814816 0.14704282407407412
87 0.3519791666666666 0.2874305555555556 0.14729745370370378 0.13406828703703705
87 0.48495949074074074 0.21104166666666666 0.11098379629629633 0.11245370370370367
67 0.49315972222222226 0.1646238425925926 0.1336747685185184 0.08810763888888892
7 0.21015046296296297 0.5262731481481482 0.09763310185185184 0.057945601851851866
135 0.6785243055555557 0.4128819444444445 0.06275462962962948 0.060549768518518475
135 0.6984606481481481 0.43116319444444445 0.055353009259259164 0.053883101851851835
146 0.4771527777777778 0.30336805555555557 0.1322511574074074 0.09035879629629626
67 0.2110300925925926 0.3012326388888889 0.13932870370370373 0.091556712962963
135 0.22071180555555556 0.4400115740740741 0.06513888888888886 0.04823495370370381
135 0.14767361111111113 0.47703703703703704 0.05502893518518519 0.04841435185185183
67 0.3513310185185185 0.19326967592592592 0.13390625000000006 0.09201388888888888
135 0.15315972222222224 0.4370081018518519 0.0620138888888889 0.04804976851851848
135 0.1782696759259259 0.39425925925925925 0.04183449074074073 0.035954861111111125
7 0.22983217592592595 0.3912037037037037 0.08641782407407402 0.052609953703703735
67 0.6277835648148148 0.21814814814814815 0.12135995370370374 0.09049189814814813
135 0.6744270833333333 0.324375 0.05208333333333322 0.038119212962963014
135 0.6958796296296297 0.3433449074074074 0.052731481481481525 0.04905671296296301
135 0.6991782407407408 0.3665046296296296 0.04826967592592588 0.039450231481481524
67 0.17309606481481482 0.24509259259259258 0.12788194444444442 0.08231481481481477
135 0.6994907407407407 0.38750578703703703 0.057644675925925884 0.040005787037036986
135 0.24232060185185186 0.41693287037037036 0.04969328703703706 0.03719907407407419
135 0.18737847222222223 0.37192129629629633 0.040596064814814835 0.041331018518518545
135 0.11686921296296297 0.3005844907407408 0.0438599537037037 0.0438599537037037
