137 0.2421875 0.284375 0.1 0.08046875
18 0.4015625 0.26015625 0.1265625 0.08515625
17 0.64296875 0.26015625 0.0921875 0.05859375
138 0.53359375 0.27578125 0.10625 0.071875
105 0.21875 0.3421875 0.10625 0.075
62 0.35078125 0.31953125 0.1359375 0.08203125
137 0.3796875 0.36640625 0.10546875 0.06875
126 0.68984375 0.46875 0.03671875 0.0359375
126 0.69609375 0.4453125 0.03984375 0.034375
57 0.48828125 0.3359375 0.13515625 0.09140625
138 0.14375 0.14609375 0.11328125 0.07421875
51 0.58828125 0.36875 0.04453125 0.040625
126 0.60234375 0.33671875 0.04296875 0.03359375
126 0.5640625 0.325 0.04375 0.02265625
65 0.68125 0.28984375 0.09453125 0.08203125
