126 0.13541666666666666 0.47245370370370365 0.05066550925925926 0.040885416666666785
105 0.21195023148148148 0.07016782407407407 0.1153935185185185 0.08229166666666665
18 0.15555555555555556 0.30787037037037035 0.10587384259259261 0.07803819444444446
137 0.41215277777777776 0.31006944444444445 0.11368634259259255 0.07832754629629637
17 0.16331018518518517 0.43553240740740745 0.0875289351851852 0.06721643518518512
13 0.5418981481481481 0.2826388888888889 0.13396990740740727 0.12042824074074074
126 0.5351273148148149 0.23373842592592595 0.056510416666666785 0.030179398148148094
105 0.29615162037037035 0.17705439814814813 0.10737847222222223 0.05546875
126 0.6455439814814815 0.34901620370370373 0.03556134259259256 0.0333043981481481
13 0.5786747685185185 0.1954571759259259 0.1377604166666666 0.1174479166666667
62 0.445630787037037 0.20662615740740745 0.12259837962962958 0.0872395833333334
138 0.4471354166666667 0.14493634259259258 0.12766203703703702 0.07650462962962963
57 0.15787037037037038 0.22430555555555554 0.1310185185185185 0.10393518518518521
51 0.10717592592592592 0.32916666666666666 0.05289351851851851 0.037847222222222233
137 0.3153645833333333 0.3113136574074074 0.1059606481481481 0.08038194444444446
18 0.6758680555555555 0.288599537037037 0.11875 0.08865740740740743
126 0.6261863425925925 0.3239872685185185 0.04424189814814809 0.035966435185185205
