17 0.7139120370370371 0.5228356481481482 0.1010706018518519 0.06837962962962969
138 0.5360706018518518 0.264988425925926 0.11635416666666672 0.08410300925925931
105 0.19568287037037038 0.31603587962962965 0.11722800925925925 0.08727430555555556
62 0.3386111111111111 0.29946180555555557 0.1487094907407407 0.09693865740740737
137 0.36835648148148153 0.3520949074074074 0.11548032407407405 0.08093171296296298
126 0.17804398148148148 0.38307870370370367 0.043182870370370365 0.036093749999999945
126 0.7066319444444444 0.39875 0.04405671296296312 0.03926504629629637
57 0.48573495370370373 0.3261805555555556 0.1482291666666667 0.10704861111111112
138 0.12146412037037035 0.10032986111111111 0.12423611111111113 0.08690972222222224
126 0.7059143518518518 0.42296875 0.04715856481481477 0.038668981481481526
126 0.1652025462962963 0.36744791666666665 0.04761574074074075 0.02777777777777777
65 0.6950057870370371 0.2892766203703704 0.1049594907407407 0.09434606481481485
18 0.7241030092592593 0.15247685185185184 0.11653935185185187 0.09035300925925926
60 0.7011921296296297 0.47668981481481476 0.05508680555555543 0.0430381944444445
105 0.29901041666666667 0.13041666666666668 0.11148148148148147 0.07757523148148149
137 0.6519270833333334 0.369681712962963 0.11081597222222221 0.08143518518518515
51 0.6933854166666666 0.4496180555555555 0.0504918981481481 0.04588541666666668
60 0.6952488425925927 0.33390046296296294 0.061267361111111106 0.04106481481481481
126 0.1787210648148148 0.2281597222222222 0.04214699074074071 0.027453703703703702
57 0.0978125 0.2382349537037037 0.12138888888888888 0.09609953703703704
