146 0.434375 0.21875 0.1375 0.0890625
67 0.17734375 0.13828125 0.11328125 0.0765625
87 0.446875 0.284375 0.10390625 0.103125
9 0.31015625 0.27109375 0.11328125 0.08046875
67 0.5796875 0.2625 0.12890625 0.08671875
135 0.72109375 0.559375 0.05546875 0.0453125
135 0.71640625 0.51875 0.04765625 0.04765625
135 0.66796875 0.51796875 0.05 0.04375
135 0.68828125 0.42265625 0.0421875 0.04140625
7 0.70390625 0.44765625 0.065625 0.0375
135 0.61640625 0.50546875 0.04453125 0.03359375
7 0.678125 0.384375 0.07265625 0.04140625
9 0.403125 0.35078125 0.121875 0.075
7 0.29609375 0.56328125 0.06875 0.046875
7 0.25 0.50625 0.06484375 0.02578125
7 0.2390625 0.484375 0.07109375 0.03828125
135 0.66953125 0.49453125 0.06171875 0.03046875
135 0.209375 0.4296875 0.0421875 0.03671875
135 0.19453125 0.4 0.0453125 0.0375
135 0.19609375 0.37890625 0.0421875 0.03671875
7 0.24296875 0.4109375 0.0859375 0.04140625
7 0.25234375 0.3875 0.06015625 0.0296875
7 0.2640625 0.36484375 0.0609375 0.0375
