57 0.75625 0.29921875 0.12890625 0.10546875
57 0.6140625 0.2984375 0.1140625 0.1
51 0.66953125 0.446875 0.05703125 0.0484375
18 0.709375 0.15625 0.1125 0.0671875
105 0.52890625 0.22578125 0.09765625 0.0671875
62 0.4890625 0.2984375 0.103125 0.084375
138 0.39921875 0.240625 0.10859375 0.07578125
57 0.34921875 0.3546875 0.11484375 0.09453125
137 0.32890625 0.1890625 0.1140625 0.07421875
138 0.1375 0.13671875 0.1265625 0.0875
13 0.18046875 0.2890625 0.11015625 0.1109375
126 0.2578125 0.5046875 0.05 0.04921875
126 0.23671875 0.43984375 0.0375 0.03203125
126 0.23828125 0.4625 0.04765625 0.03359375
126 0.24375 0.40078125 0.04921875 0.0390625
126 0.22421875 0.384375 0.04609375 0.0421875
126 0.25390625 0.32109375 0.04609375 0.0359375
105 0.27109375 0.1375 0.1046875 0.071875
126 0.2828125 0.28671875 0.04453125 0.0328125
13 0.58046875 0.34609375 0.1171875 0.09765625
126 0.165625 0.24453125 0.0375 0.03125
51 0.72265625 0.40078125 0.05390625 0.04765625
137 0.46484375 0.36640625 0.103125 0.06875
