128 0.4 0.53203125 0.09609375 0.04921875
7 0.56171875 0.63828125 0.071875 0.04765625
7 0.61640625 0.634375 0.075 0.034375
7 0.23984375 0.57109375 0.065625 0.04140625
7 0.29921875 0.565625 0.08515625 0.0390625
58 0.23359375 0.40234375 0.13828125 0.07890625
126 0.2484375 0.4265625 0.0296875 0.02890625
114 0.27734375 0.54765625 0.10078125 0.07109375
128 0.4765625 0.51875 0.08984375 0.05703125
128 0.39765625 0.4953125 0.09296875 0.05546875
5 0.23203125 0.446875 0.1078125 0.1
126 0.7 0.48984375 0.04375 0.034375
144 0.24375 0.36953125 0.08671875 0.04140625
126 0.29921875 0.3796875 0.0421875 0.0296875
