122 0.19921875 0.52421875 0.09296875 0.071875
27 0.2359375 0.54296875 0.065625 0.04296875
141 0.253125 0.521875 0.0625 0.040625
141 0.3765625 0.28671875 0.0890625 0.05
27 0.28828125 0.5671875 0.07265625 0.06171875
27 0.678125 0.321875 0.16015625 0.075
107 0.44375 0.3203125 0.07109375 0.05859375
96 0.62890625 0.4828125 0.1 0.08359375
107 0.6859375 0.4265625 0.0875 0.05234375
96 0.41328125 0.27265625 0.0921875 0.05859375
22 0.69296875 0.384375 0.10859375 0.05859375
53 0.66796875 0.26328125 0.06328125 0.0453125
