71 0.24554976851851854 0.46108217592592593 0.13812499999999997 0.08844907407407412
66 0.23104745370370372 0.40129050925925924 0.14436342592592588 0.08707175925925928
26 0.26314814814814813 0.30616898148148153 0.1632291666666667 0.10325231481481474
123 0.27858796296296295 0.28163194444444445 0.15985532407407402 0.06956597222222224
125 0.6904166666666667 0.3086747685185185 0.09516782407407405 0.08873842592592585
125 0.6859722222222222 0.3413483796296296 0.06541087962962955 0.07848379629629632
125 0.19450810185185183 0.31897569444444446 0.06464120370370371 0.08002314814814815
125 0.1809548611111111 0.28186342592592595 0.08424189814814813 0.08997685185185186
134 0.3194560185185185 0.21020254629629634 0.11238425925925925 0.09315393518518515
107 0.2317361111111111 0.17792245370370371 0.059809027777777767 0.06035300925925924
107 0.29571180555555554 0.16810185185185186 0.05747106481481481 0.06106481481481483
