60 0.2887210648148148 0.49359374999999994 0.055486111111111125 0.042204861111111214
60 0.7953414351851852 0.52234375 0.06427083333333332 0.058958333333333356
60 0.2846875 0.5175694444444444 0.05929976851851855 0.04081597222222229
135 0.28218750000000004 0.47538194444444437 0.05709490740740737 0.043055555555555715
135 0.28865162037037034 0.43982638888888886 0.058246527777777765 0.04934027777777779
135 0.7860358796296296 0.4705034722222223 0.06950810185185183 0.05529513888888893
10 0.5000636574074073 0.273125 0.054155092592592526 0.04604166666666672
10 0.4910243055555556 0.3046701388888889 0.0642129629629629 0.03168402777777777
10 0.3742361111111111 0.26675347222222223 0.07354166666666657 0.0313194444444445
10 0.43171874999999993 0.2506076388888889 0.0549768518518519 0.033611111111111126
142 0.477199074074074 0.6367708333333333 0.20284143518518521 0.09628472222222229
