57 0.7642650462962963 0.26635416666666667 0.1359780092592592 0.11494212962962962
18 0.7169386574074075 0.11778935185185184 0.11848958333333322 0.0738078703703704
105 0.527332175925926 0.1968287037037037 0.1028645833333334 0.07334490740740743
62 0.48457754629629635 0.2746412037037037 0.10924768518518527 0.09149884259259267
137 0.31745949074074076 0.16477430555555556 0.12010995370370373 0.08166666666666669
138 0.11708912037037036 0.11525462962962965 0.13348958333333333 0.0953414351851852
13 0.16043402777777777 0.2740914351851852 0.1164872685185185 0.11983217592592599
126 0.21729166666666666 0.5067303240740741 0.052725694444444485 0.05311342592592592
126 0.2186574074074074 0.42780092592592595 0.050260416666666606 0.03663773148148142
51 0.21996527777777777 0.46212962962962967 0.05730902777777782 0.03918981481481474
126 0.22516782407407407 0.39245949074074077 0.05186921296296294 0.04293402777777775
126 0.2135474537037037 0.48497106481481483 0.04876736111111111 0.04596643518518526
126 0.26699074074074075 0.3349826388888889 0.04871527777777782 0.03893518518518517
105 0.25692708333333336 0.11189236111111112 0.10993634259259259 0.07902199074074075
18 0.1966203703703704 0.34487847222222223 0.10131365740740739 0.07486111111111109
126 0.24447337962962962 0.3169039351851852 0.04712962962962965 0.03576388888888893
137 0.45905671296296297 0.34569444444444447 0.10835069444444442 0.0758506944444445
62 0.34945601851851854 0.2739583333333333 0.11852430555555546 0.07849537037037031
126 0.24159143518518517 0.2841840277777778 0.05104166666666661 0.036660879629629585
57 0.7161747685185185 0.32635995370370374 0.12730902777777775 0.10453124999999996
51 0.7219386574074074 0.3917997685185185 0.06123263888888886 0.04164930555555557
13 0.583431712962963 0.32092013888888893 0.1273958333333333 0.11624999999999996
65 0.5918229166666666 0.2425636574074074 0.12096643518518527 0.0918460648148148
126 0.2800289351851852 0.2619560185185185 0.049548611111111106 0.04598958333333334
