146 0.434056712962963 0.20508680555555556 0.14650462962962968 0.0961631944444444
135 0.26856481481481487 0.5399131944444445 0.05265046296296294 0.037864583333333354
67 0.1677835648148148 0.11552083333333334 0.12111111111111113 0.08232638888888885
135 0.18181712962962965 0.5653472222222222 0.06223379629629626 0.0451041666666665
7 0.6541898148148148 0.6118055555555555 0.08240740740740726 0.040868055555555574
116 0.5726909722222222 0.48647569444444444 0.3097743055555554 0.15210069444444443
7 0.6711747685185185 0.5926388888888889 0.08840277777777779 0.03241319444444439
87 0.4460821759259259 0.2741493055555556 0.1117881944444445 0.1102256944444445
9 0.30353009259259256 0.2569097222222222 0.12125000000000004 0.08701388888888886
7 0.26484953703703706 0.6125347222222223 0.07696180555555561 0.04152777777777779
7 0.25145833333333334 0.5895659722222222 0.0893229166666667 0.03711805555555543
67 0.5850578703703704 0.2537847222222222 0.13784143518518518 0.09362847222222222
135 0.7267013888888888 0.4336111111111111 0.059224537037037096 0.04894097222222218
135 0.6883275462962963 0.43588541666666664 0.05148148148148159 0.05111111111111111
135 0.21837962962962965 0.5450520833333334 0.0636111111111111 0.03888888888888893
135 0.6586689814814815 0.4078645833333333 0.05370949074074076 0.047256944444444574
7 0.6785300925925926 0.26524305555555555 0.06990740740740727 0.04059027777777775
7 0.6526215277777778 0.21619791666666668 0.0770543981481481 0.044652777777777784
7 0.3149537037037037 0.5573611111111111 0.08410879629629626 0.04559027777777782
9 0.39558449074074076 0.34260416666666665 0.1296585648148148 0.08095486111111114
7 0.2976273148148148 0.3505902777777778 0.07331018518518526 0.05003472222222225
