57 0.7411805555555555 0.24578125 0.13837384259259267 0.11779513888888893
18 0.6949768518518519 0.09715277777777778 0.1198032407407407 0.07637152777777781
105 0.5032638888888888 0.17906249999999999 0.1041782407407407 0.07567708333333334
62 0.45914930555555555 0.2583159722222222 0.11069444444444443 0.09392361111111107
138 0.36630208333333336 0.20154513888888886 0.11602430555555561 0.08479166666666664
137 0.29211226851851857 0.15019097222222222 0.12148148148148152 0.08425347222222221
138 0.09059027777777778 0.10371527777777778 0.13574074074074075 0.09815972222222222
13 0.13351851851851854 0.2626388888888889 0.11813078703703703 0.12157986111111115
126 0.16616898148148146 0.48291666666666666 0.053900462962962956 0.05470486111111104
126 0.1932523148148148 0.44657986111111114 0.051313657407407384 0.03819444444444446
126 0.1934201388888889 0.38255208333333335 0.05295717592592588 0.043732638888888876
126 0.19478587962962965 0.3957638888888889 0.049097222222222216 0.04668402777777771
126 0.24769675925925924 0.35515625 0.048993055555555554 0.03965277777777772
105 0.2319849537037037 0.09821180555555556 0.1112789351851852 0.08067708333333332
18 0.16998842592592592 0.33050347222222226 0.1175636574074074 0.08329861111111114
126 0.22015046296296298 0.31734375000000004 0.04738425925925922 0.03645833333333339
51 0.6781712962962964 0.3883333333333333 0.05777199074074062 0.0525347222222222
137 0.4330960648148149 0.3305208333333333 0.10967013888888885 0.07748263888888891
62 0.32328125 0.25967013888888885 0.1198726851851852 0.08105902777777771
126 0.08912037037037038 0.2029340277777778 0.05209490740740739 0.03822916666666672
57 0.691863425925926 0.3073090277777778 0.12884837962962958 0.10722222222222219
51 0.6589409722222221 0.36888888888888893 0.03572337962962955 0.03984375
51 0.26914930555555555 0.32999999999999996 0.0623090277777778 0.04258680555555561
13 0.5544907407407408 0.3048263888888889 0.1407060185185184 0.1171180555555555
