87 0.4363773148148148 0.2310185185185185 0.11664930555555557 0.11426504629629627
9 0.2910127314814815 0.22236689814814814 0.1255497685185185 0.09042245370370372
67 0.574681712962963 0.2555266203703704 0.1373900462962963 0.09320023148148149
67 0.5789988425925926 0.20234375 0.14232060185185186 0.09806134259259255
135 0.6029745370370371 0.5219328703703704 0.05341435185185191 0.05266203703703702
135 0.5929166666666668 0.4903356481481481 0.056336805555555716 0.048871527777777854
7 0.6498611111111111 0.5350115740740741 0.07237847222222218 0.042447916666666786
135 0.5444386574074074 0.4929108796296296 0.04951967592592581 0.03770254629629619
7 0.6530150462962963 0.4140335648148148 0.07961226851851855 0.04661458333333339
9 0.38503472222222224 0.3038773148148148 0.13464120370370375 0.08530092592592595
7 0.24765046296296295 0.5623842592592593 0.07792824074074076 0.044212962962962975
135 0.6615162037037037 0.5057291666666666 0.068107638888889 0.03527199074074083
135 0.2232060185185185 0.5375578703703704 0.04733796296296298 0.040740740740740834
135 0.20289930555555555 0.49308449074074073 0.05050347222222218 0.04163773148148149
135 0.18224537037037036 0.4252314814814815 0.04733796296296298 0.040740740740740834
7 0.24475694444444446 0.5429976851851851 0.09449652777777776 0.047945601851851906
7 0.2651273148148148 0.5110532407407408 0.06646412037037042 0.033651620370370415
146 0.09831018518518518 0.2544560185185185 0.141875 0.08946759259259256
135 0.699392361111111 0.4068576388888888 0.04791666666666679 0.03686342592592595
135 0.6725925925925926 0.3673032407407407 0.04931712962962962 0.03379629629629628
135 0.6594791666666666 0.3194444444444445 0.05540509259259263 0.030902777777777855
7 0.23595486111111114 0.487181712962963 0.05350694444444439 0.039409722222222145
135 0.6694502314814814 0.2925636574074074 0.04112847222222236 0.041290509259259256
7 0.2758333333333333 0.31961805555555556 0.06012152777777775 0.04667245370370363
