71 0.3284953703703704 0.5686342592592593 0.14027199074074073 0.08862847222222214
66 0.2961226851851852 0.5330439814814815 0.14644097222222213 0.08729745370370381
26 0.277494212962963 0.4304108796296296 0.16600115740740745 0.10361689814814809
123 0.2661747685185185 0.39325810185185184 0.16113425925925923 0.06990740740740745
125 0.7322222222222223 0.4143518518518518 0.07873842592592588 0.059837962962962975
125 0.731741898148148 0.45037615740740744 0.06799189814814817 0.07815393518518512
134 0.28024305555555556 0.3324652777777778 0.1147743055555556 0.09314236111111107
107 0.27990162037037036 0.2956886574074074 0.05683449074074076 0.04343171296296298
107 0.28486689814814814 0.25558449074074074 0.06006944444444447 0.06070601851851851
107 0.2656481481481482 0.2774305555555555 0.0627893518518519 0.053009259259259256
