116 0.4297164351851852 0.3238715277777778 0.30244212962962963 0.1528125000000001
87 0.33335069444444443 0.33924189814814815 0.15454282407407405 0.14046875000000006
87 0.47383680555555563 0.2736747685185185 0.11673032407407398 0.11747106481481477
67 0.48181712962962964 0.22552083333333334 0.1403530092592593 0.09220486111111112
135 0.7036226851851852 0.5707291666666666 0.06561921296296305 0.06339699074074083
135 0.6567997685185185 0.5824016203703704 0.05826388888888889 0.056782407407407476
146 0.4656886574074074 0.37038773148148146 0.13891203703703708 0.09446759259259263
67 0.18462962962962964 0.33701388888888884 0.14594328703703704 0.094832175925926
135 0.21074074074074076 0.49817129629629625 0.06805555555555554 0.050277777777777644
135 0.13296296296296295 0.5176388888888889 0.057939814814814826 0.05053240740740748
67 0.33228587962962963 0.23891782407407408 0.1405555555555555 0.09611111111111112
135 0.11603587962962965 0.4815104166666666 0.06493055555555553 0.050115740740740836
135 0.14537615740740742 0.45953125000000006 0.0440104166666667 0.03734375000000014
7 0.2054282407407407 0.4344444444444444 0.09087384259259253 0.0545775462962963
67 0.6245486111111112 0.2979398148148148 0.1272337962962963 0.0946412037037037
135 0.22301504629629626 0.472957175925926 0.05424768518518519 0.03943287037037031
135 0.6961979166666666 0.48730902777777774 0.055636574074074116 0.05119212962962969
135 0.7007060185185185 0.5212268518518519 0.05046296296296297 0.04157407407407412
67 0.1448611111111111 0.2730671296296296 0.13456018518518514 0.08567129629629626
135 0.6823842592592593 0.5422106481481481 0.059837962962962975 0.04206018518518526
135 0.2188136574074074 0.4633391203703704 0.051863425925925896 0.038530092592592526
135 0.16083333333333333 0.40314814814814814 0.04277199074074076 0.04351273148148138
135 0.13391203703703702 0.3633680555555555 0.04601851851851855 0.04601851851851855
135 0.104375 0.34381944444444446 0.04495370370370373 0.04050925925925926
133 0.4067997685185185 0.252181712962963 0.12498263888888897 0.08127893518518521
