58 0.21822916666666664 0.5071180555555556 0.14175347222222223 0.09111689814814809
11 0.6963194444444445 0.49097222222222225 0.10532986111111117 0.06791087962962958
114 0.6555034722222223 0.5010706018518518 0.10486111111111107 0.08194444444444446
144 0.24993055555555554 0.31001157407407404 0.08970486111111109 0.06733217592592596
126 0.23614583333333333 0.33315972222222223 0.051579861111111125 0.037818287037037025
126 0.22067708333333336 0.43208912037037034 0.036527777777777715 0.027893518518518512
7 0.23739583333333333 0.3822916666666667 0.07293402777777783 0.05031828703703702
7 0.2540277777777778 0.336400462962963 0.09383680555555554 0.04250578703703702
7 0.6738888888888889 0.37627314814814816 0.0729166666666666 0.049537037037037025
7 0.6773784722222222 0.35975115740740743 0.08364583333333328 0.040567129629629585
7 0.6696006944444445 0.3233506944444445 0.08069444444444436 0.048263888888888926
126 0.1998611111111111 0.3149884259259259 0.03656250000000001 0.029456018518518513
126 0.22067708333333336 0.36183449074074076 0.04031249999999993 0.022569444444444465
64 0.3930902777777778 0.2961226851851852 0.12744791666666658 0.07965856481481488
