27 0.29958333333333337 0.6678124999999999 0.08598958333333329 0.05814236111111111
141 0.2693923611111111 0.6483854166666667 0.06548032407407404 0.04440972222222221
141 0.2107060185185185 0.4423263888888889 0.09373263888888887 0.05362847222222218
27 0.3589583333333334 0.6691319444444443 0.1024537037037037 0.062413194444444285
27 0.6980150462962963 0.5188020833333333 0.16834490740740743 0.08184027777777772
107 0.722650462962963 0.49121527777777774 0.09221643518518512 0.05671874999999993
96 0.35826967592592596 0.45185763888888886 0.09699652777777779 0.06307291666666667
22 0.7271006944444445 0.45458333333333323 0.07578703703703696 0.05479166666666657
53 0.6606365740740741 0.45701388888888894 0.06633101851851855 0.04911458333333343
22 0.23542824074074073 0.46163194444444444 0.06966435185185187 0.06324652777777776
27 0.1343113425925926 0.48204861111111114 0.15982060185185185 0.0863368055555556
