125 0.68203125 0.409375 0.0921875 0.084375
56 0.44296875 0.35546875 0.2453125 0.11171875
113 0.41015625 0.31015625 0.31015625 0.13125
126 0.2390625 0.37734375 0.05859375 0.03828125
126 0.240625 0.4296875 0.06484375 0.04140625
126 0.2296875 0.56484375 0.05078125 0.04140625
126 0.24296875 0.515625 0.0453125 0.03046875
126 0.2703125 0.35703125 0.05234375 0.034375
126 0.2421875 0.45703125 0.059375 0.02890625
126 0.20625 0.47109375 0.03671875 0.03046875
126 0.21328125 0.503125 0.0421875 0.025
126 0.2828125 0.40078125 0.0484375 0.04453125
126 0.30625 0.3765625 0.0328125 0.03046875
126 0.209375 0.315625 0.0484375 0.04140625
126 0.26796875 0.284375 0.02890625 0.02578125
