17 0.25957754629629626 0.6104687500000001 0.0986168981481482 0.07135416666666679
137 0.3604571759259259 0.3604166666666667 0.11516203703703702 0.08182291666666668
126 0.351712962962963 0.66578125 0.043466435185185226 0.03645833333333322
57 0.47715856481481483 0.33541666666666664 0.14677083333333343 0.10812499999999999
138 0.10302083333333334 0.10520833333333335 0.1238483796296296 0.08864583333333335
18 0.7087326388888888 0.16197916666666665 0.11530092592592603 0.09119791666666668
105 0.28221643518518513 0.13666666666666666 0.11122106481481478 0.07921874999999998
51 0.1947511574074074 0.4492708333333333 0.06538773148148147 0.04104166666666664
137 0.6511979166666666 0.38760416666666664 0.10970486111111111 0.08223958333333332
60 0.26011574074074073 0.5941145833333333 0.060711805555555554 0.04151041666666657
57 0.08478009259259259 0.24369791666666668 0.12086226851851853 0.09781250000000004
51 0.6481712962962962 0.6574479166666667 0.06070023148148138 0.04072916666666657
126 0.6930381944444444 0.5777083333333334 0.05511574074074073 0.03255208333333322
126 0.23975694444444445 0.4842708333333333 0.049716435185185225 0.03687500000000003
126 0.5740624999999999 0.7126041666666667 0.04891203703703688 0.03526041666666675
126 0.3638483796296296 0.6946875 0.03715856481481481 0.03213541666666657
62 0.38057291666666665 0.4538541666666667 0.12481481481481485 0.10119791666666664
60 0.628755787037037 0.6639583333333333 0.047395833333333214 0.03828125
65 0.3019212962962963 0.46578125000000004 0.12167824074074077 0.10020833333333332
138 0.14422453703703703 0.46307291666666667 0.12848958333333332 0.08583333333333343
126 0.7002256944444445 0.5360416666666666 0.053587962962962976 0.034791666666666644
105 0.6651967592592593 0.3315625 0.11594328703703702 0.08187499999999996
126 0.5570138888888889 0.7208333333333334 0.05506944444444439 0.029427083333333215
18 0.28402199074074075 0.2585416666666666 0.11914930555555561 0.08755208333333328
137 0.7333101851851852 0.3985416666666667 0.09016203703703703 0.08015625000000011
60 0.6821064814814815 0.6300520833333334 0.06072337962962955 0.042291666666666575
126 0.6738078703703703 0.59671875 0.05362268518518505 0.03713541666666664
126 0.17782407407407405 0.5183854166666666 0.06606481481481481 0.034062499999999926
51 0.22310185185185186 0.3083333333333333 0.05858796296296296 0.056197916666666715
65 0.4924537037037037 0.2615104166666667 0.1404050925925926 0.09989583333333334
126 0.15435185185185185 0.30374999999999996 0.04979745370370372 0.042343750000000034
51 0.6429976851851851 0.41359375 0.06073495370370381 0.04307291666666675
13 0.8100115740740741 0.30765625 0.1276331018518519 0.13338541666666667
