87 0.36015625 0.3296875 0.134375 0.12109375
87 0.484375 0.26328125 0.10078125 0.10234375
67 0.4890625 0.21875 0.12421875 0.07734375
7 0.2234375 0.5515625 0.09140625 0.05078125
135 0.709375 0.571875 0.05703125 0.0546875
135 0.684375 0.55078125 0.05078125 0.04921875
146 0.48203125 0.35234375 0.12265625 0.0796875
67 0.22421875 0.334375 0.12890625 0.08046875
135 0.2421875 0.4546875 0.06015625 0.04296875
135 0.1734375 0.50078125 0.05078125 0.04375
67 0.35390625 0.23828125 0.12421875 0.08125
135 0.19140625 0.4546875 0.05703125 0.04296875
7 0.28125 0.359375 0.08046875 0.0453125
67 0.62265625 0.278125 0.11171875 0.08046875
135 0.675 0.3328125 0.04765625 0.03359375
135 0.54765625 0.28359375 0.0484375 0.04453125
135 0.5859375 0.309375 0.04453125 0.0359375
