53 0.1893287037037037 0.5756249999999999 0.06447916666666664 0.06052083333333336
107 0.2596412037037037 0.5803125 0.07000000000000002 0.06791666666666671
27 0.28921875 0.5674479166666666 0.1637905092592593 0.07963541666666671
122 0.23906828703703703 0.5438020833333332 0.08093750000000002 0.06864583333333343
141 0.641730324074074 0.19192708333333333 0.059791666666666646 0.06020833333333333
96 0.7234259259259259 0.36291666666666667 0.10448495370370381 0.08505208333333333
141 0.2886284722222222 0.5931770833333333 0.062100694444444396 0.05567708333333332
22 0.33207754629629627 0.55546875 0.07155092592592593 0.06645833333333329
27 0.6466319444444444 0.6428125 0.17016782407407405 0.09723958333333335
53 0.6437037037037037 0.56375 0.06837384259259274 0.059218749999999966
22 0.7109085648148149 0.5705729166666667 0.06535300925925931 0.07307291666666664
22 0.434056712962963 0.5130729166666667 0.08964120370370363 0.08406249999999993
96 0.4058275462962963 0.6025520833333333 0.10434606481481482 0.06630208333333343
27 0.34696180555555556 0.66734375 0.08712384259259257 0.06046875000000007
