100 0.24435185185185188 0.6071875 0.08508101851851854 0.05265625000000007
55 0.3345659722222222 0.4819502314814814 0.14348379629629626 0.09592592592592589
148 0.2071875 0.4767476851851852 0.060862268518518545 0.05122106481481481
148 0.20930555555555555 0.43934027777777784 0.058518518518518546 0.05108217592592581
148 0.21978587962962964 0.4180671296296296 0.06623842592592588 0.04529513888888896
4 0.32525462962962964 0.42431712962962964 0.11095486111111104 0.06043402777777782
82 0.3207465277777778 0.3591493055555556 0.10173032407407412 0.07003472222222218
21 0.6752430555555555 0.4458391203703703 0.0941493055555556 0.08519675925925937
86 0.5721817129629629 0.38265046296296296 0.08640624999999993 0.08942129629629632
10 0.5439814814814815 0.4388425925925926 0.07159143518518522 0.03780671296296294
10 0.6265104166666667 0.4101099537037037 0.05272569444444457 0.028883101851851833
108 0.6458506944444444 0.3713773148148148 0.08384259259259252 0.0744386574074074
100 0.382662037037037 0.34952546296296294 0.11792824074074079 0.056944444444444464
