7 0.5398263888888889 0.5934375000000001 0.07277777777777779 0.06253472222222226
11 0.5996643518518519 0.5635069444444445 0.12612268518518518 0.07855902777777786
11 0.19261574074074075 0.3973784722222222 0.10431712962962965 0.08276041666666663
128 0.47906828703703697 0.42171875 0.11798611111111121 0.056510416666666785
128 0.25026620370370367 0.40960069444444447 0.10164930555555554 0.06083333333333325
5 0.3538425925925926 0.2759201388888889 0.11627893518518517 0.09942708333333332
7 0.5315567129629629 0.2548611111111111 0.07730324074074062 0.05170138888888891
7 0.50703125 0.22227430555555555 0.08023148148148156 0.03848958333333332
7 0.2761111111111111 0.2476215277777778 0.09123842592592588 0.04342013888888889
7 0.3109375 0.21791666666666668 0.07263888888888888 0.05315972222222225
