135 0.26781249999999995 0.4886111111111111 0.06880208333333329 0.050572916666666676
135 0.7306770833333334 0.4912673611111112 0.06135416666666664 0.05569444444444436
103 0.2505729166666667 0.5688541666666667 0.10625 0.06314236111111118
60 0.2223958333333333 0.4850347222222222 0.06052083333333336 0.043194444444444355
10 0.3471354166666667 0.5100520833333333 0.06078124999999997 0.03541666666666661
10 0.6629166666666666 0.5381076388888889 0.07109375 0.0382118055555555
135 0.77109375 0.47826388888888893 0.05963541666666679 0.05328125000000004
10 0.37692708333333336 0.47788194444444443 0.06937499999999996 0.035798611111111
10 0.6386458333333334 0.5011979166666667 0.05369791666666668 0.03432291666666672
135 0.20588541666666665 0.44769097222222226 0.0802083333333334 0.04640625000000007
60 0.7421354166666667 0.5346180555555555 0.07749999999999986 0.04083333333333332
84 0.35552083333333334 0.3787847222222222 0.06864583333333334 0.04822916666666668
