126 0.6707465277777779 0.4325520833333334 0.042743055555555645 0.026875000000000072
126 0.3716319444444444 0.6609027777777777 0.05250000000000003 0.044479166666666715
126 0.6023090277777777 0.4154340277777778 0.03576388888888893 0.02890625
23 0.43062500000000004 0.32881944444444444 0.3164236111111112 0.15532986111111108
126 0.3376909722222222 0.6750347222222223 0.041180555555555554 0.026805555555555572
125 0.22404513888888888 0.47526041666666663 0.07784722222222226 0.061215277777777646
126 0.2614583333333333 0.6215972222222221 0.044357638888888926 0.02928819444444457
126 0.6817881944444444 0.4635416666666667 0.06190972222222228 0.04645833333333336
126 0.5985243055555556 0.3394097222222222 0.031128472222222214 0.03104166666666668
126 0.25046875 0.4123090277777777 0.033489583333333336 0.031927083333333425
126 0.2508159722222222 0.36149305555555555 0.041284722222222216 0.03149305555555557
126 0.17482638888888888 0.4730729166666666 0.04065972222222225 0.03848958333333332
56 0.47723958333333333 0.3778125 0.2626041666666666 0.12171874999999996
52 0.617829861111111 0.28005208333333337 0.09744791666666668 0.06520833333333335
