146 0.43984375 0.2070486111111111 0.15234375 0.1052083333333333
9 0.69765625 0.14819444444444443 0.125 0.09383680555555554
135 0.1796875 0.4650173611111111 0.04921875 0.05140625000000014
135 0.1953125 0.44071180555555556 0.0546875 0.040711805555555536
67 0.15546875 0.10534722222222222 0.12578125 0.08996527777777778
135 0.2390625 0.46296875000000004 0.05078125 0.049131944444444464
135 0.14296875 0.21807291666666667 0.06484375 0.048975694444444426
7 0.71953125 0.45854166666666674 0.0859375 0.045225694444444284
7 0.74453125 0.43855902777777783 0.0921875 0.036128472222222284
7 0.725 0.4173784722222222 0.07578125 0.04164930555555557
87 0.4546875 0.28036458333333336 0.11484375 0.11916666666666664
9 0.303125 0.2587847222222222 0.12578125 0.09465277777777778
7 0.23203125 0.40796875000000005 0.08046875 0.045763888888888896
7 0.23359375 0.37366319444444446 0.06875 0.05227430555555559
7 0.26015625 0.35609375 0.071875 0.0524131944444445
67 0.6015625 0.2626736111111111 0.14296875 0.10244791666666667
135 0.70078125 0.3553645833333333 0.0609375 0.05270833333333336
135 0.67578125 0.32612847222222224 0.05234375 0.055451388888888876
135 0.640625 0.30737847222222225 0.05234375 0.052326388888888874
135 0.121875 0.19447916666666668 0.065625 0.042760416666666676
135 0.14140625 0.1703472222222222 0.06484375 0.041163194444444426
