18 0.7167708333333334 0.27661458333333333 0.1408854166666668 0.08615162037037036
105 0.3228472222222222 0.24528935185185183 0.1294965277777777 0.0655150462962963
126 0.6332118055555556 0.3158333333333333 0.044513888888888783 0.035671296296296263
138 0.5593402777777777 0.26329861111111114 0.11543402777777771 0.10023148148148149
13 0.7650173611111112 0.19622685185185187 0.12654513888888896 0.10836805555555555
126 0.645329861111111 0.298275462962963 0.04397569444444436 0.04658564814814818
126 0.6501909722222223 0.27076967592592593 0.05076388888888879 0.0358564814814815
126 0.6558854166666667 0.24558449074074074 0.03517361111111121 0.03695601851851853
137 0.19307291666666665 0.2100462962962963 0.11291666666666664 0.09234953703703708
18 0.36984374999999997 0.17901041666666667 0.14194444444444443 0.09867476851851853
62 0.5093402777777778 0.1240625 0.13545138888888886 0.08755208333333334
