18 0.7540625000000001 0.34556712962962965 0.13454861111111108 0.08206018518518512
137 0.39416666666666667 0.3466145833333333 0.13456597222222227 0.08284143518518512
105 0.3773784722222222 0.29380787037037037 0.12395833333333331 0.06222800925925922
138 0.5071006944444445 0.1938136574074074 0.11979166666666678 0.0855266203703704
60 0.39295138888888886 0.6432581018518518 0.06133680555555561 0.054907407407407405
126 0.6928472222222222 0.3663946759259259 0.042916666666666714 0.034062500000000016
138 0.6036979166666667 0.32471643518518517 0.11065972222222217 0.09618634259259258
13 0.8008159722222222 0.27122106481481484 0.12098958333333343 0.10429976851851848
60 0.39227430555555554 0.6127893518518519 0.054739583333333286 0.039097222222222075
51 0.22593749999999999 0.4704513888888888 0.0587847222222222 0.045462962962962906
51 0.20069444444444445 0.28310763888888885 0.07171874999999997 0.06536458333333339
126 0.6851388888888889 0.3357175925925926 0.04840277777777775 0.03500578703703701
126 0.5393402777777778 0.23927083333333332 0.03357638888888879 0.03534722222222229
