18 0.71328125 0.3578125 0.12578125 0.07421875
137 0.3734375 0.36875 0.12578125 0.075
60 0.2375 0.4625 0.04296875 0.04609375
60 0.34140625 0.34609375 0.05625 0.04296875
65 0.3796875 0.328125 0.11796875 0.08984375
57 0.21796875 0.275 0.11875 0.09609375
105 0.35390625 0.2453125 0.11015625 0.07421875
13 0.621875 0.2703125 0.10703125 0.10078125
138 0.4828125 0.22109375 0.11171875 0.07734375
60 0.278125 0.60625 0.05703125 0.05
126 0.61796875 0.39375 0.0546875 0.03984375
126 0.5875 0.37890625 0.04140625 0.03515625
126 0.66015625 0.37890625 0.04765625 0.04140625
138 0.57109375 0.3421875 0.10234375 0.0875
126 0.6421875 0.359375 0.04140625 0.0328125
51 0.215625 0.4375 0.0546875 0.0375
13 0.75859375 0.28671875 0.1125 0.09453125
