27 0.37057291666666664 0.6342881944444445 0.0864583333333333 0.05530092592592588
141 0.34046875 0.6165335648148147 0.06604166666666664 0.041874999999999926
141 0.2661458333333333 0.41620370370370374 0.09401041666666661 0.051452546296296295
27 0.4291666666666667 0.6338541666666666 0.10395833333333329 0.06011574074074062
27 0.7493229166666667 0.47671875 0.16916666666666663 0.07777777777777786
107 0.7709374999999999 0.44920138888888894 0.09343749999999992 0.05457175925925917
96 0.41109375000000004 0.4213831018518519 0.09848958333333328 0.0600752314814816
22 0.7724479166666667 0.41323495370370367 0.07770833333333335 0.05289351851851851
53 0.7070833333333333 0.4176273148148148 0.06791666666666671 0.04657407407407401
22 0.29234375 0.4339872685185185 0.07125000000000004 0.06143518518518505
27 0.19463541666666667 0.4573784722222222 0.16088541666666673 0.08240162037037031
