18 0.71328125 0.3578125 0.12578125 0.07421875
136 0.3734375 0.36875 0.12578125 0.075
105 0.3578125 0.31953125 0.115625 0.05546875
126 0.66796875 0.38125 0.03984375 0.03125
138 0.57109375 0.3421875 0.10234375 0.0875
13 0.75859375 0.28671875 0.1125 0.09453125
126 0.6484375 0.3640625 0.03828125 0.04140625
126 0.65078125 0.33671875 0.0453125 0.03125
126 0.65 0.29921875 0.03046875 0.0328125
126 0.58828125 0.29296875 0.04140625 0.034375
137 0.2421875 0.284375 0.1 0.08046875
18 0.4015625 0.26015625 0.1265625 0.08515625
