71 0.26413194444444443 0.4418576388888889 0.14027199074074073 0.08560763888888889
66 0.24703124999999998 0.3830555555555556 0.14644097222222224 0.08413773148148138
26 0.27490162037037036 0.28822916666666665 0.16600115740740745 0.1000405092592593
123 0.28844907407407405 0.2634490740740741 0.16113425925925923 0.06640046296296295
125 0.69703125 0.2843344907407407 0.0981655092592593 0.08654513888888893
125 0.6947858796296297 0.3163078703703704 0.06799189814814817 0.07673032407407412
125 0.20766203703703706 0.30128472222222225 0.06729166666666667 0.07828125000000004
125 0.19251736111111112 0.26515046296296296 0.0873090277777778 0.08794560185185193
134 0.32612847222222224 0.1921875 0.1147743055555555 0.09069444444444441
107 0.2378703703703704 0.16121527777777778 0.06159143518518526 0.058680555555555534
107 0.3005439814814815 0.15043402777777776 0.06006944444444447 0.05943865740740737
