18 0.71328125 0.3578125 0.12578125 0.07421875
137 0.3734375 0.36875 0.12578125 0.075
105 0.3578125 0.31953125 0.115625 0.05546875
138 0.4828125 0.22109375 0.11171875 0.07734375
60 0.36640625 0.6484375 0.05703125 0.05
126 0.6546875 0.37890625 0.03984375 0.03125
138 0.57109375 0.3421875 0.10234375 0.0875
13 0.75859375 0.28671875 0.1125 0.09453125
60 0.365625 0.61953125 0.05078125 0.03515625
51 0.21171875 0.490625 0.0546875 0.040625
51 0.1921875 0.3140625 0.06640625 0.059375
126 0.64765625 0.35 0.0453125 0.03125
126 0.5125 0.2640625 0.03046875 0.0328125
