13 0.764363425925926 0.24171874999999998 0.11792245370370366 0.10442708333333339
137 0.22453703703703703 0.26336805555555554 0.10531249999999996 0.08902777777777775
18 0.39190972222222226 0.23093750000000002 0.1326909722222222 0.0949305555555556
62 0.5250752314814815 0.1773784722222222 0.12636574074074075 0.08449652777777779
138 0.5292881944444444 0.24123263888888888 0.11149305555555564 0.07993055555555557
105 0.19986689814814812 0.32538194444444446 0.11229745370370373 0.08309027777777782
60 0.35508101851851853 0.6691493055555556 0.06520254629629632 0.05131944444444443
13 0.7170486111111111 0.3031770833333333 0.11489004629629633 0.11678819444444448
60 0.19603587962962962 0.6317013888888889 0.05356481481481481 0.06173611111111103
60 0.24134837962962963 0.6296875 0.0386516203703704 0.051701388888888825
