19 0.24877893518518518 0.46554976851851854 0.07342013888888888 0.06614004629629626
16 0.2875 0.4199305555555556 0.13846064814814812 0.09629629629629619
119 0.21113425925925924 0.4501967592592592 0.0610474537037037 0.04184027777777786
124 0.3080729166666667 0.5956365740740741 0.06045138888888886 0.044959490740740723
124 0.20592592592592593 0.5205787037037037 0.06427083333333332 0.05670138888888889
59 0.6606944444444445 0.4921990740740741 0.16098379629629633 0.10739583333333336
101 0.6244386574074074 0.5002835648148147 0.05268518518518519 0.04568287037037031
119 0.2841261574074074 0.4817013888888889 0.06343750000000004 0.04263888888888889
101 0.5112962962962964 0.5034664351851852 0.05709490740740737 0.04103009259259256
101 0.5072337962962963 0.4612905092592593 0.0610474537037037 0.04184027777777786
101 0.560636574074074 0.4655844907407407 0.047077546296296194 0.04329861111111111
