116 0.453744212962963 0.3241087962962963 0.2859201388888888 0.13960648148148147
87 0.36367476851851854 0.3401736111111111 0.14437499999999998 0.13072916666666662
87 0.49130208333333336 0.2744849537037037 0.10864004629629634 0.11015625
135 0.7009317129629629 0.6054108796296296 0.06106481481481474 0.05879050925925924
135 0.6931712962962963 0.63328125 0.05465277777777775 0.053136574074074086
146 0.49171296296296296 0.3673842592592592 0.13060185185185186 0.08739004629629629
67 0.22164930555555556 0.34142939814814816 0.13763310185185187 0.08759837962962962
135 0.3398726851851852 0.5642708333333333 0.06381944444444443 0.046383101851851904
135 0.2970717592592592 0.5950057870370371 0.05449074074074076 0.047667824074074085
67 0.3546006944444444 0.24467592592592596 0.13221064814814812 0.08899884259259264
135 0.2962326388888889 0.5403414351851852 0.06147569444444443 0.04631365740740741
135 0.2051099537037037 0.4681712962962963 0.044195601851851854 0.0426793981481481
7 0.21947916666666667 0.5052835648148148 0.08578703703703701 0.05015624999999986
67 0.6363194444444444 0.29517361111111107 0.11968749999999986 0.08784722222222215
135 0.24714699074074073 0.41165509259259264 0.051041666666666693 0.0366377314814816
135 0.7022974537037037 0.5461284722222223 0.052146990740740765 0.04759837962962976
135 0.7357812499999999 0.5697569444444445 0.047986111111111104 0.03888888888888893
67 0.17848379629629627 0.2808275462962963 0.1264641203703704 0.07946180555555556
135 0.6767534722222222 0.5797164351851851 0.05657986111111111 0.039143518518518404
135 0.21457175925925925 0.4450347222222222 0.04867476851851853 0.035787037037037096
135 0.2040162037037037 0.40491319444444446 0.04021990740740744 0.04021990740740744
7 0.30550347222222224 0.3790393518518519 0.07468749999999993 0.04436342592592588
