27 0.3001909722222222 0.6717187499999999 0.08792824074074072 0.061701388888888785
141 0.26957754629629627 0.6508333333333333 0.0675173611111111 0.047517361111111
27 0.3619097222222222 0.6744618055555556 0.10515046296296297 0.06715277777777776
27 0.7108333333333333 0.544704861111111 0.17325231481481485 0.088142361111111
96 0.3628472222222222 0.4847222222222222 0.09968749999999993 0.06769097222222217
22 0.7440740740740741 0.49854166666666677 0.07853587962962968 0.058940972222222145
27 0.6808333333333334 0.5011979166666667 0.06833333333333336 0.05223958333333343
22 0.23662037037037037 0.5244097222222222 0.07078703703703706 0.0671875
27 0.13411458333333331 0.49798611111111113 0.16469907407407408 0.09322916666666661
122 0.1787210648148148 0.4046875 0.09039351851851851 0.07821180555555554
96 0.802962962962963 0.2246875 0.13425347222222223 0.09499999999999993
