17 0.22421875 0.54609375 0.1109375 0.06640625
18 0.71328125 0.3578125 0.12578125 0.07421875
137 0.3734375 0.36875 0.12578125 0.075
60 0.325 0.35 0.04296875 0.04609375
65 0.3796875 0.328125 0.11796875 0.08984375
57 0.21796875 0.275 0.11875 0.09609375
105 0.35390625 0.2453125 0.11015625 0.07421875
13 0.621875 0.2703125 0.10703125 0.10078125
62 0.490625 0.278125 0.1109375 0.08046875
138 0.4828125 0.22109375 0.11171875 0.07734375
51 0.2078125 0.525 0.05859375 0.04609375
60 0.23046875 0.4671875 0.05703125 0.05
126 0.68984375 0.4171875 0.0546875 0.03984375
126 0.67890625 0.4015625 0.04765625 0.04140625
126 0.578125 0.30078125 0.04140625 0.0328125
51 0.21953125 0.3125 0.0546875 0.0375
