60 0.721875 0.47578125 0.05625 0.0453125
126 0.240625 0.42109375 0.0609375 0.0328125
60 0.2109375 0.453125 0.0546875 0.03828125
57 0.3546875 0.3546875 0.11875 0.09453125
57 0.61953125 0.296875 0.115625 0.090625
105 0.48359375 0.35859375 0.11640625 0.07265625
105 0.52734375 0.2234375 0.10703125 0.06875
137 0.378125 0.3078125 0.0953125 0.06640625
137 0.32734375 0.18671875 0.10390625 0.078125
62 0.490625 0.29453125 0.1 0.0734375
13 0.17578125 0.2890625 0.1078125 0.1078125
138 0.396875 0.24140625 0.096875 0.0703125
138 0.128125 0.14453125 0.10546875 0.0734375
126 0.26484375 0.3609375 0.05859375 0.03359375
126 0.2734375 0.33203125 0.04921875 0.03359375
126 0.365625 0.28671875 0.04765625 0.0390625
126 0.253125 0.29765625 0.046875 0.03359375
17 0.69296875 0.44296875 0.0921875 0.05703125
51 0.69375 0.4203125 0.0640625 0.04375
126 0.13671875 0.178125 0.0421875 0.0328125
60 0.72265625 0.33828125 0.065625 0.03984375
60 0.70703125 0.2890625 0.053125 0.04453125
60 0.75859375 0.28828125 0.05703125 0.0453125
