128 0.37734375 0.3984375 0.09609375 0.04921875
5 0.29453125 0.5328125 0.1078125 0.09140625
7 0.68125 0.53359375 0.071875 0.04765625
7 0.678125 0.50234375 0.075 0.034375
7 0.21796875 0.4875 0.08515625 0.0390625
7 0.28046875 0.47578125 0.0734375 0.03671875
58 0.265625 0.28359375 0.13828125 0.07890625
144 0.28515625 0.24453125 0.0828125 0.0625
126 0.678125 0.296875 0.03671875 0.03125
114 0.26640625 0.340625 0.10078125 0.07109375
128 0.5125 0.34296875 0.08984375 0.05703125
128 0.36953125 0.328125 0.09296875 0.05546875
