116 0.446875 0.31171875 0.26953125 0.12578125
87 0.36015625 0.3296875 0.134375 0.12109375
87 0.484375 0.26328125 0.10078125 0.10234375
67 0.4890625 0.21875 0.12421875 0.07734375
7 0.23671875 0.5515625 0.09140625 0.05078125
135 0.6828125 0.46875 0.05703125 0.0546875
135 0.703125 0.48828125 0.05078125 0.04921875
146 0.48203125 0.35234375 0.12265625 0.0796875
67 0.22421875 0.334375 0.12890625 0.08046875
135 0.2421875 0.46953125 0.06015625 0.04296875
135 0.1734375 0.50078125 0.05078125 0.04375
67 0.35390625 0.23828125 0.12421875 0.08125
135 0.1765625 0.4625 0.05703125 0.04296875
135 0.1984375 0.42265625 0.03828125 0.03203125
7 0.24765625 0.42265625 0.08046875 0.0453125
67 0.62265625 0.278125 0.11171875 0.08046875
135 0.6734375 0.38359375 0.04765625 0.03359375
135 0.69609375 0.403125 0.0484375 0.04453125
135 0.70078125 0.42578125 0.04453125 0.0359375
67 0.18515625 0.278125 0.11875 0.07265625
135 0.7015625 0.44609375 0.053125 0.0359375
135 0.26171875 0.4484375 0.0453125 0.0328125
135 0.20546875 0.4015625 0.0375 0.0375
135 0.13359375 0.328125 0.03984375 0.03984375
