142 0.410619212962963 0.6455381944444445 0.20050347222222217 0.09755787037037038
60 0.3911574074074074 0.6480266203703704 0.058993055555555604 0.040271990740740726
135 0.2534085648148148 0.5615277777777777 0.052858796296296265 0.04413194444444457
135 0.7140509259259259 0.4690335648148148 0.07255208333333343 0.04974537037037052
135 0.29846643518518523 0.5525983796296297 0.05761574074074076 0.046510416666666644
135 0.38784722222222223 0.5363078703703704 0.055613425925925955 0.03165509259259256
135 0.4421643518518518 0.5234027777777778 0.03847222222222228 0.03309027777777764
135 0.5092361111111111 0.5189988425925927 0.06535879629629626 0.04422453703703706
60 0.6743923611111111 0.5810706018518519 0.04732060185185176 0.04174768518518519
84 0.3983449074074074 0.5213831018518519 0.06687499999999993 0.04267361111111114
69 0.4015509259259259 0.47134837962962967 0.1297048611111112 0.08063078703703716
