138 0.53359375 0.27578125 0.10625 0.071875
105 0.21875 0.3421875 0.10625 0.075
17 0.353125 0.31796875 0.090625 0.059375
137 0.3796875 0.36640625 0.10546875 0.06875
126 0.2578125 0.56484375 0.03984375 0.03125
57 0.48828125 0.3359375 0.13515625 0.09140625
138 0.14375 0.14609375 0.11328125 0.07421875
126 0.2171875 0.54296875 0.04375 0.02265625
18 0.7046875 0.1609375 0.10546875 0.07734375
105 0.309375 0.1640625 0.1015625 0.06640625
137 0.64375 0.3671875 0.10078125 0.06953125
51 0.69140625 0.490625 0.04609375 0.03984375
60 0.76015625 0.57734375 0.05625 0.03515625
126 0.184375 0.5296875 0.03828125 0.02265625
57 0.12578125 0.275 0.1109375 0.0828125
51 0.234375 0.51640625 0.05546875 0.034375
126 0.215625 0.42421875 0.05078125 0.0265625
51 0.1390625 0.30625 0.0375 0.04921875
126 0.1984375 0.2953125 0.0453125 0.03046875
126 0.78203125 0.55390625 0.0453125 0.0296875
126 0.73125 0.48203125 0.03359375 0.02734375
62 0.396875 0.4515625 0.1140625 0.0859375
60 0.74765625 0.39921875 0.05390625 0.03671875
60 0.7046875 0.44296875 0.04375 0.0328125
60 0.6984375 0.3953125 0.05390625 0.04765625
65 0.3234375 0.46796875 0.11171875 0.08515625
138 0.178125 0.475 0.11796875 0.071875
126 0.58359375 0.33671875 0.034375 0.0375
105 0.6625 0.32109375 0.10625 0.06875
126 0.14609375 0.19140625 0.05078125 0.0234375
