146 0.45359375 0.18650462962962963 0.14433449074074076 0.09324652777777773
67 0.1851678240740741 0.10489004629629631 0.11913773148148143 0.07978009259259258
87 0.4678819444444445 0.254375 0.10939814814814816 0.10782986111111104
9 0.3254861111111111 0.24136574074074074 0.11920717592592593 0.08446759259259258
67 0.6058275462962963 0.23069444444444445 0.13571759259259258 0.09162037037037037
135 0.7682060185185186 0.4849884259259259 0.05772569444444446 0.0472974537037036
135 0.7383796296296297 0.4758333333333333 0.0499594907407408 0.05036458333333336
135 0.6881481481481482 0.4605787037037037 0.053015046296296296 0.04570023148148152
135 0.7101157407407408 0.36118634259259264 0.04438657407407405 0.04329282407407416
7 0.7369560185185184 0.37973958333333335 0.06854745370370381 0.039565972222222176
135 0.7348032407407408 0.4453877314814815 0.04661458333333339 0.03549768518518519
7 0.7033680555555556 0.3276388888888889 0.07641782407407405 0.04353009259259259
9 0.4228067129629629 0.3234664351851852 0.12771990740740727 0.07906250000000004
7 0.28042245370370367 0.5221990740740741 0.07181134259259263 0.048964120370370345
7 0.25604745370370374 0.45909143518518525 0.06837384259259256 0.027847222222222356
7 0.2548611111111111 0.43175347222222216 0.0748090277777778 0.04039351851851869
135 0.7178877314814816 0.4111342592592592 0.06452546296296298 0.03172453703703706
135 0.19583333333333336 0.3501504629629629 0.044305555555555556 0.037824074074074066
135 0.20067708333333334 0.3079224537037037 0.04745370370370372 0.039409722222222235
135 0.20743055555555556 0.28912037037037036 0.045098379629629634 0.03861111111111111
7 0.27785300925925926 0.34876157407407404 0.08969907407407404 0.043628472222222214
7 0.2806423611111111 0.3260821759259259 0.06295138888888889 0.030931712962962977
7 0.2952314814814815 0.3087847222222222 0.06385995370370363 0.03953124999999993
7 0.29789351851851853 0.5939525462962962 0.08339120370370372 0.03967592592592588
