60 0.2609259259259259 0.6146990740740741 0.05577546296296294 0.04551504629629619
60 0.2339814814814815 0.5628182870370371 0.04559606481481478 0.04163773148148149
60 0.31052083333333336 0.5602719907407407 0.06284722222222214 0.05150462962962958
135 0.12999421296296296 0.5814525462962963 0.0549826388888889 0.043894675925925955
135 0.1740162037037037 0.5414930555555555 0.054166666666666655 0.039149305555555534
135 0.24432291666666667 0.5370659722222222 0.06354166666666661 0.03984375
97 0.6368807870370371 0.563425925925926 0.1368287037037037 0.1303819444444443
135 0.6818171296296296 0.5054398148148149 0.06754050925925928 0.0526331018518519
135 0.6218344907407408 0.4864583333333334 0.06134259259259274 0.05920138888888893
10 0.48348958333333336 0.6107060185185185 0.04402199074074069 0.03995949074074083
10 0.5280613425925926 0.6019386574074075 0.05571180555555557 0.03692129629629619
10 0.5002199074074074 0.5657407407407408 0.058061342592592526 0.03787615740740744
10 0.5414756944444444 0.4775752314814815 0.07446180555555557 0.03831018518518512
10 0.49490162037037033 0.44042245370370364 0.05335069444444436 0.03440393518518512
10 0.5706423611111111 0.44027777777777777 0.042436342592592526 0.03671875
84 0.6713310185185185 0.33990162037037036 0.07770833333333335 0.054947916666666693
60 0.2738773148148148 0.23660300925925926 0.06671874999999998 0.047106481481481485
60 0.5864236111111112 0.20720486111111108 0.051857638888888856 0.04366319444444446
135 0.5398900462962963 0.16458333333333336 0.0754224537037036 0.06258680555555554
135 0.29070023148148144 0.17913773148148146 0.06287615740740744 0.05541087962962963
135 0.655607638888889 0.24892939814814813 0.06668981481481477 0.043200231481481485
