126 0.1578877314814815 0.5432002314814814 0.04640624999999998 0.043894675925925955
126 0.27575231481481477 0.5335069444444445 0.03385416666666661 0.036400462962962975
126 0.3310821759259259 0.5168113425925925 0.04410300925925927 0.04927662037037024
126 0.1310185185185185 0.5008101851851852 0.05032986111111111 0.046383101851851904
126 0.17015046296296296 0.5116319444444445 0.03692129629629628 0.028703703703703808
126 0.16671296296296295 0.4693287037037036 0.039288194444444445 0.031915509259259164
126 0.2245833333333333 0.47928240740740746 0.044751157407407406 0.031336805555555534
126 0.2497164351851852 0.4981770833333334 0.03692708333333332 0.02948495370370381
126 0.2565219907407407 0.46796875 0.05023148148148149 0.0331018518518519
126 0.28400462962962963 0.4877314814814815 0.0400636574074074 0.031163194444444466
126 0.31896412037037036 0.46247106481481487 0.036979166666666695 0.03651620370370381
