9 0.16258680555555555 0.15348958333333335 0.1245138888888889 0.09697916666666666
67 0.670318287037037 0.1556886574074074 0.1317592592592593 0.08609953703703703
146 0.6775231481481481 0.35488425925925926 0.14339699074074072 0.08462384259259252
135 0.7348900462962963 0.4521469907407408 0.06510416666666678 0.03562499999999993
135 0.7469965277777778 0.4295891203703704 0.04803819444444439 0.03784143518518519
7 0.20118055555555556 0.3857175925925926 0.07500578703703704 0.04585069444444443
67 0.4827314814814815 0.2128703703703704 0.13168981481481482 0.06969907407407412
135 0.7646064814814815 0.36255787037037035 0.04503472222222218 0.040162037037037024
135 0.7337037037037037 0.33890046296296295 0.05556712962962962 0.03243055555555561
135 0.7532407407407408 0.3843402777777778 0.048657407407407406 0.03472222222222223
7 0.2560300925925926 0.38924768518518515 0.07660879629629633 0.046643518518518515
