122 0.19109375 0.5638599537037037 0.11276041666666665 0.05483217592592595
27 0.25328125 0.568605324074074 0.07583333333333328 0.05034722222222214
27 0.29026041666666663 0.5828993055555556 0.10421875000000007 0.05529513888888893
27 0.6941145833333333 0.2969618055555555 0.15286458333333322 0.07190393518518512
141 0.24385416666666665 0.5211805555555555 0.08447916666666666 0.051446759259259164
96 0.6402604166666667 0.464207175925926 0.09276041666666668 0.08214699074074083
141 0.45609374999999996 0.2627025462962963 0.08911458333333329 0.050839120370370416
96 0.4263541666666667 0.23952546296296298 0.09338541666666664 0.05645254629629637
107 0.7107291666666666 0.381712962962963 0.09802083333333336 0.06753472222222215
22 0.7296354166666668 0.31287615740740743 0.09192708333333321 0.04626736111111107
53 0.6400520833333333 0.21438078703703703 0.10166666666666657 0.06377314814814819
