71 0.24765625 0.535792824074074 0.14704861111111106 0.09438657407407405
66 0.20810185185185187 0.5 0.15399305555555554 0.09230324074074084
26 0.20277777777777778 0.37731481481481477 0.17494212962962957 0.11024305555555554
123 0.20980902777777777 0.3354456018518518 0.16970486111111108 0.07416087962962958
125 0.685474537037037 0.39207175925925924 0.08269675925925916 0.06313657407407405
125 0.6865451388888889 0.42097800925925927 0.07094907407407405 0.08298611111111107
125 0.15827546296296297 0.4185763888888888 0.07025462962962963 0.08530092592592595
134 0.2112268518518518 0.26840277777777777 0.12068865740740745 0.09887152777777777
107 0.21140046296296297 0.23096064814814815 0.059432870370370414 0.04589120370370372
107 0.23671875 0.19835069444444448 0.06247106481481479 0.06472800925925926
24 0.12366898148148149 0.3267939814814815 0.07702546296296298 0.05746527777777777
107 0.2010127314814815 0.2032696759259259 0.06605902777777777 0.05627893518518521
