128 0.40088541666666666 0.39467013888888886 0.10548611111111103 0.05923611111111109
5 0.31234375000000003 0.4934201388888889 0.12078125000000002 0.10533564814814814
7 0.6710590277777777 0.41684027777777777 0.07960069444444447 0.055364583333333425
7 0.6634201388888888 0.3783333333333333 0.08213541666666657 0.04226851851851858
7 0.19815972222222222 0.48538194444444444 0.09328124999999998 0.04760416666666671
7 0.18878472222222223 0.5210011574074074 0.07935763888888889 0.04989583333333343
7 0.17828125 0.45928819444444446 0.08067708333333332 0.044519675925925914
58 0.25833333333333336 0.21844907407407405 0.15300347222222221 0.09399884259259261
144 0.29651041666666667 0.14839699074074075 0.09204861111111118 0.07246527777777781
126 0.33350694444444445 0.13997106481481483 0.05131944444444443 0.03265046296296292
126 0.5850173611111111 0.14376736111111113 0.0405555555555555 0.03590856481481479
114 0.39130208333333333 0.18953125 0.08840277777777779 0.09562499999999999
