125 0.691244212962963 0.5900752314814814 0.0942303240740742 0.09204282407407405
72 0.4442418981481482 0.36921296296296297 0.3602546296296296 0.19134837962962958
113 0.4055497685185186 0.34131944444444445 0.31445601851851845 0.1551793981481481
126 0.603130787037037 0.4138310185185185 0.04177662037037031 0.028067129629629584
126 0.3000925925925926 0.33272569444444444 0.04817708333333339 0.03868634259259256
126 0.26263310185185185 0.5911747685185185 0.05139467592592588 0.04516782407407405
126 0.32945023148148145 0.30439814814814814 0.060584490740740723 0.03336226851851851
126 0.6563136574074073 0.4138599537037037 0.03717013888888889 0.03318865740740744
126 0.23695023148148148 0.42424768518518513 0.04098379629629632 0.027228009259259167
125 0.38009837962962967 0.36993634259259256 0.07662615740740746 0.06264467592592596
