62 0.484375 0.29921875 0.115625 0.07734375
57 0.35234375 0.3546875 0.1140625 0.090625
136 0.3671875 0.30390625 0.1078125 0.078125
65 0.5140625 0.24296875 0.10234375 0.07890625
60 0.62265625 0.34375 0.053125 0.03984375
57 0.62109375 0.2984375 0.1046875 0.09921875
138 0.39765625 0.23671875 0.1109375 0.071875
13 0.1765625 0.28515625 0.121875 0.1
105 0.484375 0.3640625 0.10234375 0.0640625
60 0.69921875 0.46328125 0.05390625 0.04453125
126 0.31015625 0.3125 0.0515625 0.0375
65 0.72890625 0.29140625 0.0984375 0.08515625
126 0.3328125 0.2921875 0.04140625 0.025
