18 0.7209780092592593 0.3188888888888889 0.1333043981481481 0.0804282407407408
137 0.3674189814814815 0.34107060185185184 0.1333333333333334 0.08120949074074071
105 0.35370370370370374 0.2899710648148148 0.12167245370370364 0.06135416666666664
57 0.21009837962962963 0.24818287037037035 0.12635995370370373 0.10363425925925931
13 0.6298032407407408 0.23106481481481483 0.11481481481481488 0.107974537037037
138 0.48715277777777777 0.18456597222222224 0.11860532407407405 0.0838946759259259
60 0.2504050925925926 0.5716319444444444 0.06131365740740744 0.05410300925925924
126 0.6927951388888889 0.38449652777777776 0.05778356481481488 0.04307291666666657
126 0.6932291666666666 0.35170717592592593 0.04432870370370381 0.037991898148148094
126 0.6105034722222221 0.35181712962962963 0.05159143518518512 0.04445023148148142
138 0.5739293981481481 0.3068576388888889 0.10960648148148149 0.09377314814814816
126 0.6470196759259259 0.35619791666666667 0.044212962962962975 0.03486689814814818
13 0.7706018518518519 0.24328125000000003 0.12005208333333321 0.10188657407407406
60 0.24160879629629628 0.5352141203703704 0.06255787037037042 0.04555555555555557
51 0.25147569444444445 0.5848668981481481 0.0578125 0.04385416666666657
126 0.580324074074074 0.260625 0.04516782407407405 0.039577546296296263
126 0.5496527777777778 0.24592592592592594 0.05442708333333339 0.03673032407407408
60 0.21059027777777778 0.5088194444444444 0.06519097222222223 0.032366898148148235
51 0.19583333333333333 0.33835069444444443 0.07557870370370368 0.05998842592592588
17 0.6095775462962963 0.4821701388888888 0.08981481481481488 0.06509259259259252
