71 0.21894097222222225 0.4525462962962964 0.13805555555555554 0.09276620370370381
66 0.20232638888888888 0.3883680555555556 0.14423611111111115 0.0916666666666667
26 0.23963541666666668 0.3022858796296296 0.16368055555555552 0.10868055555555553
123 0.2534201388888889 0.2724537037037037 0.15906250000000002 0.07485532407407405
125 0.6588020833333333 0.26189236111111114 0.09593749999999997 0.09120370370370372
125 0.65734375 0.2947048611111111 0.06661458333333332 0.0796875
125 0.1757986111111111 0.31947337962962963 0.06668402777777778 0.08125
125 0.1734548611111111 0.2846064814814815 0.08585069444444442 0.09201388888888892
134 0.2881076388888889 0.19279513888888888 0.11326388888888887 0.09560185185185181
107 0.2168576388888889 0.1490162037037037 0.061128472222222195 0.06137152777777777
107 0.27960069444444446 0.13891782407407408 0.058819444444444445 0.061979166666666655
