125 0.6923900462962963 0.45575810185185184 0.09334490740740745 0.07880787037037038
126 0.19292824074074072 0.5813194444444444 0.059849537037037014 0.03247106481481481
126 0.25200231481481483 0.6011921296296296 0.05212962962962964 0.03866319444444457
126 0.3499305555555555 0.634837962962963 0.04831597222222221 0.044884259259259277
126 0.24937499999999999 0.5676215277777777 0.052899305555555554 0.03788773148148152
126 0.2758275462962963 0.6275752314814815 0.04418981481481481 0.030011574074073975
126 0.2822800925925926 0.5611284722222222 0.05133680555555555 0.03787615740740744
126 0.29104166666666664 0.6024652777777778 0.053715277777777716 0.04023726851851848
126 0.22722800925925926 0.5334143518518518 0.05125578703703706 0.03240740740740726
113 0.4332349537037037 0.3373784722222222 0.32647569444444446 0.15474537037037042
56 0.15669560185185186 0.33786458333333336 0.2721064814814815 0.1230960648148148
120 0.5276851851851851 0.13123263888888886 0.12382523148148153 0.07981481481481482
