142 0.5109953703703705 0.23208333333333334 0.2832349537037036 0.16468750000000004
135 0.3360358796296296 0.21869791666666666 0.0560300925925926 0.048958333333333305
97 0.24821180555555555 0.31927083333333334 0.1489699074074074 0.133125
135 0.7096238425925926 0.25171875000000005 0.06644097222222226 0.058229166666666644
10 0.5428009259259259 0.24874999999999997 0.05251157407407412 0.03546875000000007
10 0.41667245370370376 0.24541666666666667 0.059542824074074116 0.0359375
10 0.4271643518518518 0.20322916666666666 0.054189814814814954 0.03947916666666664
10 0.5370949074074074 0.2146875 0.04612268518518512 0.03036458333333334
135 0.3164293981481482 0.19104166666666667 0.05513310185185185 0.04499999999999997
135 0.5750694444444444 0.17536458333333332 0.05701967592592592 0.05604166666666668
