7 0.5923553240740741 0.5966145833333333 0.07256944444444428 0.06116898148148149
11 0.6478067129629629 0.5682581018518519 0.124861111111111 0.07714120370370381
11 0.24385416666666665 0.402025462962963 0.10326967592592595 0.08179976851851851
128 0.5220891203703704 0.4294849537037037 0.11595486111111111 0.055758101851851906
128 0.3006712962962963 0.4150462962962963 0.09979166666666668 0.059837962962962975
5 0.39230324074074074 0.2874421296296296 0.11575810185185187 0.09707754629629628
7 0.5621817129629629 0.2703414351851852 0.07673032407407412 0.05118634259259256
7 0.5363425925925925 0.23819444444444446 0.07838541666666679 0.037991898148148094
7 0.3152256944444445 0.2596354166666667 0.08956597222222218 0.04308449074074074
7 0.3464988425925926 0.23116319444444447 0.07212384259259261 0.05257523148148149
