7 0.5538252314814816 0.609074074074074 0.07336226851851854 0.051423611111111
58 0.25609953703703703 0.5238078703703704 0.14024305555555552 0.08689814814814803
114 0.3141435185185185 0.6105729166666667 0.0832233796296297 0.08472222222222214
128 0.48993634259259256 0.49528935185185186 0.09146990740740737 0.06173032407407408
128 0.40166666666666667 0.49908564814814815 0.09458333333333328 0.061111111111111074
5 0.3844849537037037 0.5522800925925926 0.1100868055555555 0.10641203703703717
126 0.22490162037037037 0.5746064814814815 0.04340856481481481 0.031915509259259164
144 0.23496527777777781 0.47494212962962956 0.07204282407407411 0.06774884259259259
11 0.3472743055555555 0.3239178240740741 0.11207175925925927 0.08231481481481477
64 0.6405092592592593 0.18537037037037035 0.13391203703703702 0.08110532407407404
