87 0.446875 0.284375 0.10390625 0.103125
9 0.31015625 0.27109375 0.11328125 0.08046875
67 0.578125 0.31171875 0.12421875 0.0828125
67 0.5796875 0.2625 0.12890625 0.08671875
135 0.65 0.55625 0.04765625 0.04765625
135 0.61640625 0.53515625 0.05 0.04375
7 0.703125 0.5578125 0.065625 0.0375
135 0.56796875 0.5375 0.04453125 0.03359375
7 0.67578125 0.43671875 0.07265625 0.04140625
9 0.403125 0.35078125 0.121875 0.075
7 0.2765625 0.55546875 0.07109375 0.03828125
135 0.67734375 0.53046875 0.06171875 0.03046875
135 0.2421875 0.503125 0.0421875 0.03671875
135 0.24140625 0.521875 0.0453125 0.0375
135 0.2203125 0.46875 0.0421875 0.03671875
7 0.2640625 0.53125 0.0859375 0.04140625
7 0.28125 0.5234375 0.06015625 0.0296875
146 0.13125 0.29453125 0.12890625 0.07890625
135 0.2078125 0.3859375 0.04609375 0.0453125
135 0.684375 0.40546875 0.04296875 0.03359375
135 0.65859375 0.38359375 0.04453125 0.03046875
135 0.62421875 0.3734375 0.05 0.0265625
7 0.2890625 0.49921875 0.0484375 0.03515625
135 0.65 0.31328125 0.03671875 0.03671875
