142 0.37547453703703704 0.6958854166666667 0.21403935185185183 0.11875
60 0.3268113425925926 0.6738541666666666 0.06060185185185185 0.045364583333333285
135 0.2169039351851852 0.5788541666666667 0.05444444444444443 0.048072916666666646
135 0.7048148148148148 0.5182291666666667 0.07413773148148142 0.05484375000000004
135 0.2623090277777778 0.57875 0.059224537037037096 0.05151041666666671
60 0.28890046296296296 0.6588020833333333 0.059797453703703686 0.04453125
135 0.36408564814814814 0.551875 0.05719907407407412 0.035781249999999966
135 0.4175752314814815 0.56953125 0.039276620370370455 0.03614583333333332
135 0.4872280092592593 0.5436458333333333 0.06694444444444443 0.04890624999999993
60 0.6354861111111111 0.6388541666666667 0.04814814814814809 0.04609375
84 0.3826388888888889 0.5069270833333334 0.06846064814814809 0.04744791666666668
