62 0.5254918981481481 0.33095486111111116 0.13130787037037023 0.09258101851851848
57 0.38026620370370373 0.38447916666666665 0.12401620370370363 0.10623842592592592
136 0.39479166666666665 0.33043981481481477 0.12277199074074074 0.09369791666666671
60 0.7889178240740741 0.4886400462962963 0.060243055555555716 0.04756944444444446
57 0.6770833333333334 0.3380324074074074 0.1205150462962962 0.11697337962962964
138 0.43116319444444445 0.257181712962963 0.12638888888888894 0.08608796296296291
13 0.18307291666666664 0.2983275462962963 0.13926504629629627 0.11794560185185184
105 0.522800925925926 0.40361111111111114 0.11594328703703702 0.07774884259259256
60 0.7443287037037036 0.5090277777777779 0.061979166666666786 0.052337962962963044
126 0.2806423611111111 0.41140625000000003 0.05856481481481479 0.04436342592592588
65 0.7976851851851852 0.33645833333333336 0.11287615740740745 0.10020254629629628
126 0.2919270833333333 0.38146412037037036 0.04713541666666661 0.030515046296296332
137 0.36134259259259255 0.1979861111111111 0.13084490740740745 0.08008101851851857
60 0.7226851851851851 0.3114351851851852 0.06096643518518512 0.04604745370370367
60 0.6075231481481481 0.33520833333333333 0.05755208333333321 0.03807291666666668
60 0.5445891203703704 0.36482060185185183 0.059664351851851906 0.03194444444444446
51 0.6623842592592593 0.375625 0.05763888888888893 0.04041666666666668
