48 0.2828125 0.390625 0.11484375 0.07109375
10 0.77265625 0.39765625 0.05078125 0.03515625
114 0.784375 0.49921875 0.09765625 0.08515625
72 0.7796875 0.61953125 0.32109375 0.14765625
126 0.86875 0.65546875 0.05234375 0.0453125
10 0.86484375 0.42734375 0.0578125 0.03515625
10 0.8125 0.41796875 0.06796875 0.0265625
10 0.88046875 0.39765625 0.05625 0.0296875
10 0.83046875 0.37890625 0.05703125 0.02734375
126 0.7203125 0.65546875 0.04921875 0.02421875
126 0.66015625 0.60078125 0.05 0.0328125
126 0.83515625 0.60703125 0.05 0.034375
