142 0.49307291666666664 0.32177662037037036 0.28375000000000006 0.15921874999999996
135 0.32281250000000006 0.28737268518518516 0.05687499999999997 0.0477256944444445
97 0.2283854166666667 0.3743287037037037 0.15109375000000008 0.13034722222222223
135 0.6846875 0.36528935185185185 0.06682291666666665 0.05687499999999997
10 0.5214583333333334 0.3430671296296296 0.052864583333333215 0.03425925925925925
10 0.39963541666666663 0.3232986111111111 0.059114583333333394 0.034629629629629656
10 0.41322916666666665 0.28410300925925924 0.0546875 0.038258101851851835
10 0.5198437499999999 0.3084606481481481 0.04630208333333332 0.029201388888888857
135 0.3067708333333333 0.2574016203703704 0.05583333333333336 0.043773148148148165
135 0.5597395833333334 0.27474537037037033 0.05734375000000007 0.0547569444444445
