126 0.1483449074074074 0.5347511574074074 0.04829282407407405 0.043321759259259275
126 0.2696585648148148 0.520804398148148 0.03491898148148147 0.036973379629629474
126 0.32696759259259256 0.5024768518518519 0.04604166666666672 0.049554398148148236
126 0.12163773148148146 0.49157986111111107 0.05224537037037038 0.04647569444444457
126 0.1621122685185185 0.5020370370370371 0.038697916666666644 0.028408564814814775
126 0.15963541666666664 0.4582638888888889 0.040306712962962975 0.03154513888888886
126 0.21810185185185188 0.46729166666666677 0.045763888888888896 0.030804398148148237
126 0.24360532407407404 0.48623263888888885 0.03792824074074073 0.029184027777777642
126 0.25189236111111113 0.45425925925925925 0.05204861111111114 0.033194444444444395
126 0.2797280092592592 0.4739988425925926 0.041857638888888896 0.030775462962962942
126 0.3160706018518519 0.44692129629629634 0.03881365740740739 0.03622106481481495
