128 0.4256597222222222 0.43051504629629633 0.1011631944444444 0.057534722222222355
5 0.38913194444444443 0.45412037037037034 0.11398726851851855 0.10202546296296297
7 0.7156597222222223 0.4687847222222222 0.07614583333333336 0.05370949074074076
7 0.7060069444444445 0.4307291666666666 0.07839120370370374 0.04056712962962976
7 0.2533449074074074 0.46637731481481487 0.0893634259259259 0.045902777777777716
7 0.26914351851851853 0.49074074074074076 0.0761111111111111 0.04902199074074076
7 0.25479166666666664 0.45084490740740735 0.07684606481481478 0.04281828703703709
58 0.30138310185185185 0.2044965277777778 0.15225694444444446 0.10273148148148152
144 0.39771412037037035 0.13679976851851852 0.08720486111111114 0.07076388888888889
126 0.31656828703703704 0.1460474537037037 0.04554976851851853 0.03471643518518519
126 0.35195023148148147 0.17859953703703704 0.04943287037037036 0.03182291666666668
126 0.5531423611111111 0.14054398148148148 0.03852430555555557 0.035081018518518504
114 0.4519618055555556 0.18608796296296298 0.08268518518518526 0.09314236111111111
