72 0.44609375 0.33671875 0.35546875 0.1640625
126 0.69296875 0.4515625 0.04140625 0.025
126 0.23203125 0.4984375 0.04765625 0.03515625
126 0.38984375 0.64609375 0.05078125 0.04140625
126 0.6265625 0.3359375 0.03515625 0.02734375
126 0.3859375 0.27109375 0.059375 0.02890625
126 0.7328125 0.45234375 0.03671875 0.03046875
126 0.34453125 0.63359375 0.03984375 0.02421875
125 0.26796875 0.3859375 0.075 0.05703125
126 0.30390625 0.62734375 0.04296875 0.0265625
126 0.2671875 0.6015625 0.06015625 0.04296875
126 0.27109375 0.57265625 0.04140625 0.025
120 0.47578125 0.428125 0.121875 0.07109375
126 0.6203125 0.30546875 0.0296875 0.0296875
126 0.23359375 0.37890625 0.0328125 0.03046875
126 0.3203125 0.38515625 0.03984375 0.0296875
126 0.29765625 0.33046875 0.03984375 0.0359375
