10 0.6636631944444444 0.4275231481481482 0.04626736111111107 0.04170138888888886
10 0.7269097222222223 0.4582407407407407 0.05138888888888893 0.034212962962962834
10 0.6713368055555555 0.4591840277777778 0.05756944444444443 0.03302083333333332
84 0.7108506944444445 0.36127893518518517 0.06248263888888879 0.05590856481481481
60 0.24821180555555555 0.4208101851851852 0.06017361111111112 0.05655092592592581
135 0.39677083333333335 0.25612847222222224 0.059704861111111104 0.06353587962962966
135 0.5050347222222222 0.2598958333333333 0.07487847222222221 0.05430555555555561
135 0.4510416666666666 0.24351273148148148 0.05993055555555564 0.05108217592592599
69 0.45538194444444446 0.48216435185185186 0.13048611111111103 0.09578124999999993
10 0.6243055555555556 0.44082175925925926 0.045677083333333354 0.028420138888888856
10 0.7047743055555555 0.43605324074074076 0.05725694444444436 0.025989583333333323
142 0.6535763888888889 0.5001851851851852 0.2625520833333333 0.13945023148148153
