87 0.446875 0.284375 0.10390625 0.103125
9 0.31015625 0.27109375 0.11328125 0.08046875
67 0.578125 0.31171875 0.12421875 0.0828125
67 0.5796875 0.2625 0.12890625 0.08671875
135 0.61796875 0.5625 0.04765625 0.04765625
135 0.60703125 0.5328125 0.05 0.04375
7 0.66328125 0.5765625 0.065625 0.0375
135 0.56171875 0.53359375 0.04453125 0.03359375
7 0.659375 0.46328125 0.07265625 0.04140625
9 0.403125 0.35078125 0.121875 0.075
7 0.2859375 0.58828125 0.07109375 0.03828125
135 0.671875 0.54921875 0.06171875 0.03046875
135 0.2625 0.5640625 0.0421875 0.03671875
135 0.24140625 0.521875 0.0453125 0.0375
135 0.21875 0.45703125 0.0421875 0.03671875
7 0.2828125 0.5703125 0.0859375 0.04140625
7 0.3 0.54140625 0.06015625 0.0296875
146 0.13125 0.29453125 0.12890625 0.07890625
135 0.70234375 0.4578125 0.04296875 0.03359375
135 0.67578125 0.4203125 0.04453125 0.03046875
135 0.66171875 0.37421875 0.05 0.0265625
7 0.271875 0.5171875 0.0484375 0.03515625
135 0.66875 0.35 0.03671875 0.03671875
7 0.30078125 0.36171875 0.05390625 0.04140625
