71 0.29213541666666665 0.5440393518518519 0.1447800925925926 0.09276620370370381
66 0.2852719907407407 0.5122974537037037 0.15176504629629628 0.09146412037037041
26 0.27241319444444445 0.472193287037037 0.17256365740740742 0.10862268518518511
123 0.25560185185185186 0.4337962962962963 0.16761574074074073 0.07332175925925935
125 0.7210358796296296 0.4493344907407407 0.08144675925925923 0.06232638888888893
125 0.7182233796296297 0.49157986111111107 0.07609375000000007 0.06603009259259274
134 0.2616435185185185 0.33524305555555556 0.1183796296296297 0.09725115740740745
107 0.27913773148148147 0.29791666666666666 0.059085648148148096 0.04510995370370372
107 0.24467592592592596 0.27578125 0.06120370370370374 0.06391782407407405
107 0.21992476851851853 0.29464699074074074 0.06485532407407409 0.05546875
24 0.14506944444444445 0.4769097222222222 0.10295138888888888 0.05063657407407405
