135 0.2640104166666667 0.4058680555555556 0.07286458333333332 0.05103009259259252
135 0.7228125000000001 0.3435474537037037 0.06390625000000014 0.0571412037037037
103 0.24390625 0.45621527777777776 0.11192708333333332 0.06331597222222225
142 0.41208333333333336 0.632806712962963 0.2998958333333334 0.1316608796296297
60 0.471875 0.3566493055555555 0.04510416666666668 0.04437499999999996
135 0.46994791666666663 0.32774305555555555 0.04791666666666679 0.039733796296296295
135 0.5173958333333333 0.3004513888888889 0.0734375 0.0479166666666667
60 0.5229687500000001 0.34885416666666663 0.05479166666666657 0.04920138888888896
135 0.5738020833333334 0.3019618055555556 0.06291666666666665 0.05400462962962962
60 0.5708854166666667 0.35205439814814815 0.054427083333333216 0.043732638888888876
