27 0.3578125 0.64921875 0.08125 0.05390625
141 0.365625 0.63125 0.0625 0.040625
27 0.384375 0.6390625 0.09765625 0.0578125
27 0.67421875 0.54140625 0.16015625 0.075
127 0.29609375 0.5171875 0.0953125 0.10703125
96 0.390625 0.490625 0.0921875 0.05859375
22 0.73203125 0.50234375 0.071875 0.05078125
53 0.66953125 0.49765625 0.06328125 0.0453125
22 0.24453125 0.51796875 0.065625 0.059375
27 0.1765625 0.49453125 0.1515625 0.0796875
122 0.21015625 0.45078125 0.08359375 0.06875
96 0.775 0.2328125 0.12421875 0.0828125
