100 0.3406597222222222 0.65296875 0.09207175925925926 0.05210069444444443
55 0.345931712962963 0.47179976851851857 0.1562905092592593 0.09520254629629629
148 0.31756944444444446 0.5947685185185185 0.06624421296296301 0.05093750000000004
148 0.2888599537037037 0.5655324074074073 0.07212384259259252 0.044780092592592524
148 0.34358796296296296 0.5772106481481482 0.08182291666666668 0.050387731481481526
148 0.36841435185185184 0.553425925925926 0.07240162037037035 0.04946759259259252
148 0.32586805555555554 0.5337615740740741 0.06904513888888886 0.04551504629629619
4 0.4027141203703704 0.5146701388888889 0.11978587962962965 0.05875578703703717
82 0.26384837962962965 0.5924421296296296 0.08995949074074075 0.055972222222222354
86 0.5596469907407406 0.5271759259259259 0.09512152777777771 0.09039351851851869
10 0.5332812499999999 0.60328125 0.05801504629629619 0.04379050925925938
10 0.4802546296296296 0.5892361111111111 0.05493055555555557 0.03125578703703695
10 0.4070891203703703 0.59890625 0.057042824074074086 0.02738425925925938
108 0.6647685185185186 0.5841608796296296 0.09185185185185177 0.07473379629629626
100 0.2319328703703704 0.6436516203703704 0.09045717592592588 0.03802662037037034
21 0.487019675925926 0.5672800925925926 0.1098668981481481 0.07578125
55 0.49740162037037033 0.47111689814814817 0.1111574074074074 0.08438657407407409
21 0.596730324074074 0.6390277777777778 0.11713541666666671 0.09306134259259266
86 0.5314699074074074 0.4362673611111111 0.12549768518518523 0.08928240740740741
148 0.24874421296296295 0.5575405092592594 0.09078703703703699 0.056765046296296265
10 0.5536921296296297 0.5881481481481481 0.04072916666666675 0.028703703703703808
10 0.5644791666666666 0.6168692129629629 0.050567129629629545 0.03665509259259263
