117 0.7572048611111111 0.550162037037037 0.07290509259259252 0.07059606481481495
119 0.6810011574074074 0.46780092592592587 0.06790509259259263 0.04943287037037045
119 0.748119212962963 0.4641087962962963 0.060104166666666715 0.05009837962962962
118 0.7109375 0.5377604166666667 0.10401620370370371 0.06168402777777775
25 0.22757523148148148 0.33532986111111107 0.10268518518518518 0.07728587962962959
101 0.4059664351851852 0.46138310185185183 0.04826967592592588 0.04211226851851855
101 0.2849479166666667 0.41194444444444445 0.047511574074074046 0.04366319444444446
101 0.3333159722222222 0.407974537037037 0.04670717592592588 0.04208912037037038
101 0.3694502314814815 0.4217881944444445 0.053015046296296296 0.046087962962963046
101 0.38452546296296297 0.4376331018518519 0.05218749999999996 0.04295138888888879
