146 0.434375 0.21875 0.1375 0.0890625
9 0.66640625 0.1546875 0.1125 0.0796875
135 0.20625 0.415625 0.0515625 0.03359375
135 0.2078125 0.45859375 0.04453125 0.04453125
135 0.6234375 0.33125 0.04921875 0.02578125
135 0.64921875 0.31484375 0.0734375 0.04140625
135 0.2265625 0.4953125 0.04921875 0.03515625
67 0.17734375 0.13828125 0.11328125 0.0765625
135 0.1828125 0.359375 0.0453125 0.0421875
135 0.17890625 0.2796875 0.05859375 0.04140625
135 0.17421875 0.2453125 0.04453125 0.03515625
135 0.16015625 0.23984375 0.05390625 0.0296875
7 0.646875 0.24609375 0.078125 0.0375
116 0.44609375 0.31328125 0.27890625 0.12421875
7 0.646875 0.221875 0.08359375 0.02890625
