128 0.45390625 0.37734375 0.09609375 0.04921875
5 0.35 0.50625 0.1078125 0.09140625
7 0.671875 0.46640625 0.071875 0.04765625
7 0.678125 0.44140625 0.075 0.034375
7 0.25625 0.46484375 0.08515625 0.0390625
7 0.2140625 0.50703125 0.071875 0.0421875
7 0.25234375 0.440625 0.0734375 0.03671875
58 0.29453125 0.24140625 0.13828125 0.07890625
144 0.2890625 0.1828125 0.0828125 0.0625
126 0.3109375 0.175 0.0265625 0.0234375
126 0.63828125 0.203125 0.03671875 0.03125
114 0.340625 0.24765625 0.078125 0.084375
128 0.50703125 0.25859375 0.08984375 0.05703125
128 0.38671875 0.2578125 0.09296875 0.05546875
