70 0.4409895833333334 0.25160300925925927 0.13052083333333328 0.1116087962962963
6 0.1738541666666667 0.15177662037037037 0.12085069444444443 0.09804976851851857
56 0.6762326388888888 0.13532986111111112 0.12842013888888887 0.08734375000000001
127 0.6687326388888889 0.3322974537037037 0.13934027777777783 0.08688657407407412
117 0.7762673611111112 0.44700231481481484 0.06328125 0.0370081018518519
117 0.554045138888889 0.2584027777777778 0.04690972222222225 0.03808449074074076
117 0.6576909722222222 0.4427083333333333 0.04684027777777775 0.03495949074074076
5 0.17416666666666666 0.3133796296296296 0.07286458333333332 0.046660879629629635
56 0.48588541666666674 0.19874421296296296 0.1280729166666667 0.07171875000000001
117 0.5192534722222222 0.24303819444444447 0.043055555555555715 0.040312500000000015
117 0.6423090277777778 0.22143518518518518 0.05381944444444446 0.03282407407407408
117 0.6328298611111112 0.19126736111111112 0.04684027777777775 0.034959490740740715