45 0.2505497685185185 0.49732060185185184 0.15214699074074076 0.10112268518518519
9 0.7237210648148148 0.45129629629629625 0.11351851851851862 0.07541666666666665
97 0.7227604166666667 0.4920138888888889 0.11296874999999992 0.09099537037037031
132 0.32 0.17104745370370372 0.08377314814814821 0.06975115740740741
53 0.2513715277777778 0.44722800925925926 0.1093344907407408 0.05643518518518516
112 0.3018634259259259 0.21356481481481482 0.05526620370370363 0.042303240740740745
112 0.3526851851851852 0.16050925925925924 0.05999999999999996 0.04570601851851852
5 0.4090856481481481 0.2728935185185185 0.07810763888888879 0.05614583333333334
5 0.4226157407407407 0.2361226851851852 0.06868634259259263 0.052465277777777784
5 0.601574074074074 0.2818171296296296 0.08356481481481488 0.0556886574074074
5 0.6355555555555557 0.2532175925925926 0.08196759259259245 0.05325231481481474
5 0.6179166666666667 0.22376736111111112 0.08665509259259245 0.05353009259259256
112 0.27291666666666664 0.2653240740740741 0.03951388888888889 0.03278356481481488