42 0.29921875 0.3770891203703704 0.12348958333333329 0.09800347222222223
69 0.29385416666666664 0.42247106481481483 0.15557291666666667 0.08803819444444443
129 0.20307291666666666 0.4508912037037037 0.08447916666666666 0.050844907407407366
84 0.2634375 0.5629398148148148 0.09406249999999998 0.05424768518518519
91 0.24317708333333332 0.3054571759259259 0.08322916666666665 0.09057291666666671
2 0.5021875 0.42019675925925926 0.12890625 0.07399305555555565
8 0.23072916666666665 0.34013310185185186 0.0705729166666667 0.04107638888888889
42 0.3721875 0.24159722222222219 0.11541666666666668 0.08217013888888883
69 0.37546875 0.1923784722222222 0.11937499999999997 0.08306712962962962
17 0.39375 0.3041145833333333 0.1223958333333334 0.09329282407407406
8 0.3318229166666667 0.4377199074074074 0.04369791666666671 0.03560185185185176