14 0.7319270833333333 0.1453472222222222 0.12402777777777771 0.07536458333333336
112 0.1921412037037037 0.5242881944444444 0.051157407407407395 0.040173611111111104
88 0.2559664351851852 0.135625 0.1155960648148148 0.08064236111111112
14 0.2012962962962963 0.37340277777777775 0.10610532407407405 0.07652777777777775
119 0.4595428240740741 0.379375 0.11394097222222221 0.07748263888888882
50 0.24821180555555555 0.39734375 0.08783564814814815 0.06597222222222214
112 0.1743287037037037 0.4403645833333334 0.05421296296296294 0.03789930555555543
12 0.5891203703703705 0.35385416666666664 0.13469907407407397 0.11932291666666668
112 0.1798611111111111 0.4644444444444444 0.057083333333333285 0.02937499999999993
88 0.34176504629629634 0.24380208333333334 0.10780092592592591 0.05470486111111113
112 0.6497395833333334 0.3368923611111111 0.03532407407407412 0.032795138888888874
12 0.6260416666666667 0.26715277777777774 0.13773148148148148 0.11626736111111118
51 0.4922627314814815 0.27637152777777774 0.12278935185185187 0.08626736111111111
120 0.4933101851851852 0.2146701388888889 0.12791087962962955 0.07467013888888889
44 0.20299189814814814 0.2898263888888889 0.13108796296296302 0.10284722222222217
40 0.1762210648148148 0.5082465277777778 0.05343171296296294 0.03788194444444439
118 0.36117476851851854 0.37921875 0.10619791666666671 0.07965277777777775