13 0.7023842592592592 0.40499999999999997 0.12472800925925931 0.0878298611111111
105 0.6563368055555555 0.25463541666666667 0.0684201388888889 0.05536458333333334
83 0.20897569444444444 0.37928819444444445 0.0510821759259259 0.03703124999999998
83 0.21218750000000003 0.33239583333333333 0.06572337962962962 0.03345486111111118
104 0.2616377314814815 0.31178819444444444 0.11944444444444446 0.06118055555555557
83 0.2598958333333333 0.3453819444444445 0.051284722222222176 0.04093749999999998
105 0.27175925925925926 0.26708333333333334 0.06110532407407412 0.0497395833333333
21 0.13528356481481482 0.2654340277777778 0.11136574074074072 0.08597222222222226
83 0.25692708333333336 0.3875868055555555 0.05733217592592599 0.03717013888888889
83 0.30909722222222225 0.37472222222222223 0.0681886574074074 0.03585069444444446
83 0.3144618055555556 0.34651041666666665 0.06542824074074076 0.04281249999999996