108 0.218900462962963 0.525 0.11112847222222229 0.07215277777777782
23 0.2694212962962963 0.4516319444444445 0.14239004629629629 0.07478587962962954
23 0.5677777777777777 0.21735532407407407 0.16122106481481496 0.08136574074074074
18 0.5301909722222222 0.1609375 0.09133101851851855 0.053026620370370384
79 0.5923784722222222 0.3472627314814815 0.12428240740740737 0.06434606481481478
90 0.5839641203703703 0.30710069444444443 0.10384259259259246 0.05454861111111109
112 0.20216435185185183 0.45092592592592595 0.04498263888888889 0.03310763888888886
112 0.22120949074074076 0.4169560185185185 0.04093749999999998 0.02350115740740737
123 0.2483564814814815 0.4020543981481482 0.08665509259259263 0.05353009259259256
112 0.3202951388888889 0.45487268518518514 0.05282986111111114 0.035914351851851836
112 0.3519791666666666 0.4295370370370371 0.05120949074074073 0.031915509259259164
112 0.3024016203703704 0.4082349537037038 0.029392361111111143 0.034525462962962904