114 0.3578125 0.4765625 0.09609375 0.04921875
5 0.66796875 0.59453125 0.071875 0.04765625
5 0.659375 0.56875 0.075 0.034375
5 0.2234375 0.51953125 0.08515625 0.0390625
5 0.28359375 0.52421875 0.0734375 0.03671875
45 0.25703125 0.33984375 0.13828125 0.07890625
112 0.278125 0.38828125 0.0296875 0.02890625
132 0.265625 0.3125 0.07578125 0.05625
97 0.24921875 0.4625 0.10078125 0.07109375
114 0.503125 0.43046875 0.08984375 0.05703125
114 0.36953125 0.4359375 0.09296875 0.05546875
3 0.15234375 0.39921875 0.11796875 0.1171875
112 0.16796875 0.34296875 0.03359375 0.0265625
112 0.67734375 0.39296875 0.04375 0.034375