119 0.2602777777777778 0.22453125000000002 0.10960069444444445 0.09385416666666666
14 0.43138888888888893 0.1872916666666667 0.13864583333333336 0.10046875000000002
50 0.7009085648148148 0.22177083333333333 0.1010706018518519 0.06911458333333335
120 0.5733043981481482 0.19505208333333332 0.11635416666666672 0.08494791666666664
88 0.2371296296296296 0.28869791666666667 0.1172280092592592 0.08812499999999997
51 0.3777951388888889 0.25427083333333333 0.1487094907407407 0.09802083333333336
119 0.41054976851851854 0.30296875 0.11548032407407405 0.0817708333333333
112 0.14923611111111112 0.1755729166666667 0.043182870370370365 0.036406250000000015
112 0.7154918981481482 0.29125 0.04405671296296294 0.039583333333333304
44 0.5259837962962963 0.26239583333333333 0.1482291666666667 0.10812499999999999
120 0.15041087962962962 0.083125 0.12423611111111107 0.08781249999999999
40 0.7394907407407407 0.33505208333333336 0.048952546296296265 0.046927083333333286
112 0.6852488425925926 0.2744791666666667 0.04715856481481477 0.039010416666666714
112 0.1656365740740741 0.14786458333333335 0.04761574074074071 0.028125
54 0.7323379629629629 0.19932291666666666 0.1049594907407407 0.09510416666666668
14 0.7540219907407407 0.05932291666666667 0.11653935185185187 0.09119791666666668
48 0.7335011574074074 0.265 0.055086805555555604 0.04343750000000002