14 0.7337615740740742 0.3430787037037037 0.12956597222222221 0.07594328703703708
88 0.3716666666666667 0.30668981481481483 0.11885416666666657 0.05711805555555553
112 0.6574363425925925 0.3780266203703704 0.04155092592592595 0.03155092592592599
120 0.5895486111111111 0.32851851851851854 0.10654513888888886 0.08983217592592592
12 0.7777256944444444 0.2708622685185185 0.11690972222222236 0.09693865740740737
112 0.6686689814814815 0.36153356481481486 0.04031249999999993 0.042476851851851904
112 0.6726157407407408 0.3364988425925926 0.04704282407407412 0.03237268518518519
112 0.6781944444444445 0.3137962962962963 0.032222222222222284 0.03304398148148149
119 0.25263310185185184 0.27162615740740736 0.10399305555555553 0.08278356481481489
14 0.41443865740740743 0.2469849537037037 0.13147569444444435 0.08767361111111108
51 0.5419560185185185 0.1991550925925926 0.12492476851851855 0.07747106481481483