60 0.257175925925926 0.5546875 0.13945023148148153 0.0828125
55 0.25176504629629626 0.5234375 0.14561921296296293 0.08125
22 0.23964699074074075 0.4859375 0.16600115740740745 0.09765625
109 0.22518518518518515 0.4484375 0.16031250000000002 0.06328125
111 0.6665335648148148 0.4796875 0.07869791666666667 0.05625
111 0.6629050925925926 0.51953125 0.07343171296296305 0.06015625
116 0.23313078703703702 0.35546875 0.11473379629629629 0.08828125
90 0.2505381944444444 0.32109375 0.05679398148148147 0.040625
90 0.21811921296296294 0.2984375 0.05928819444444446 0.05859375
90 0.19379050925925925 0.315625 0.06274884259259261 0.05
20 0.11933449074074073 0.4859375 0.0991435185185185 0.04375