127 0.37788773148148147 0.16495949074074073 0.1538541666666667 0.10410879629629628
117 0.21493055555555554 0.53125 0.0549768518518519 0.04108796296296298
56 0.09207175925925926 0.08645833333333333 0.12640625 0.08903356481481481
117 0.12451388888888888 0.5627314814814814 0.0651851851851852 0.04849537037037042
5 0.6357407407407407 0.5828703703703704 0.08703125000000007 0.04539930555555571
102 0.5371122685185185 0.45523726851851853 0.32614583333333336 0.16672453703703702
5 0.6440914351851852 0.5497395833333333 0.09320601851851862 0.03547453703703703
70 0.39327546296296295 0.23784722222222224 0.1164756944444445 0.11912615740740744
6 0.24082175925925928 0.22864583333333335 0.12644675925925924 0.09450231481481479
56 0.5407465277777778 0.20737847222222222 0.14446759259259262 0.10219907407407405
117 0.7039872685185186 0.40685763888888893 0.06208912037037031 0.05228587962962976
117 0.6541087962962963 0.42511574074074077 0.05351851851851848 0.05509259259259256
117 0.16263310185185184 0.5394386574074075 0.06670138888888891 0.042303240740740836
117 0.61875 0.3990740740740741 0.05583333333333336 0.051273148148148186
5 0.6418171296296297 0.2427083333333333 0.07375000000000007 0.04490740740740744
5 0.635954861111111 0.18978587962962962 0.08158564814814824 0.04832175925925926
6 0.3446006944444444 0.3131076388888889 0.136556712962963 0.08862847222222223
5 0.17857060185185186 0.3700520833333333 0.07694444444444448 0.0543981481481481
5 0.20574652777777777 0.34638310185185184 0.07287037037037036 0.031597222222222235
5 0.23532407407407407 0.33043981481481477 0.07922453703703702 0.04589120370370363
117 0.5362789351851852 0.2372395833333333 0.06899884259259252 0.03614004629629637