70 0.4753993055555556 0.2646469907407408 0.10864004629629634 0.11015625
117 0.7035300925925926 0.5086979166666666 0.06106481481481474 0.05879050925925924
127 0.4758101851851852 0.35754629629629625 0.13060185185185186 0.08739004629629629
56 0.20574652777777777 0.3315914351851852 0.13763310185185187 0.08759837962962962
56 0.33791666666666664 0.2348148148148148 0.1322106481481482 0.08899884259259264
56 0.6203935185185185 0.28455439814814815 0.11968750000000003 0.08784722222222223
117 0.6831134259259259 0.4518923611111111 0.047986111111111104 0.03888888888888893
56 0.16258101851851853 0.27098958333333334 0.12646412037037033 0.07946180555555556
117 0.7410590277777778 0.43175347222222216 0.045046296296296265 0.045046296296296265
117 0.7132523148148149 0.41531828703703705 0.04961805555555543 0.04127893518518526
117 0.1947511574074074 0.4873784722222222 0.06278356481481477 0.03776620370370374
117 0.22146990740740743 0.46709490740740744 0.06335648148148146 0.030758101851851904
117 0.2616377314814815 0.37383680555555554 0.047800925925925955 0.032638888888888926
117 0.16875578703703703 0.4530439814814814 0.05662615740740744 0.040706018518518405
117 0.19092013888888887 0.4107696759259259 0.05035300925925923 0.039739583333333425
117 0.22786458333333334 0.39313078703703697 0.04732060185185185 0.04277199074074076
6 0.6603009259259259 0.15616319444444443 0.1297974537037037 0.08658564814814813
117 0.2786342592592592 0.34155671296296297 0.05731481481481478 0.03760416666666666