44 0.75625 0.29921875 0.12890625 0.10546875
14 0.709375 0.15625 0.1125 0.0671875
88 0.52890625 0.22578125 0.09765625 0.0671875
51 0.4890625 0.2984375 0.103125 0.084375
119 0.32890625 0.1890625 0.1140625 0.07421875
120 0.1375 0.13671875 0.1265625 0.0875
12 0.18046875 0.2890625 0.11015625 0.1109375
112 0.23515625 0.50703125 0.05 0.04921875
112 0.2328125 0.4421875 0.04765625 0.03359375
40 0.240625 0.415625 0.0546875 0.0359375
112 0.2546875 0.38984375 0.04921875 0.0390625
112 0.23203125 0.45859375 0.04609375 0.0421875
112 0.28125 0.36796875 0.04609375 0.0359375
88 0.27109375 0.1375 0.1046875 0.071875
14 0.21484375 0.3578125 0.09609375 0.06875
112 0.271875 0.30546875 0.04453125 0.0328125
119 0.46484375 0.36640625 0.103125 0.06875
51 0.36015625 0.29453125 0.1125 0.071875
112 0.290625 0.290625 0.0484375 0.03359375
44 0.71015625 0.3546875 0.12109375 0.09609375
40 0.7734375 0.375 0.05859375 0.0375
12 0.58359375 0.3453125 0.1203125 0.10703125
122 0.453125 0.20859375 0.07578125 0.06328125