88 0.21875 0.3421875 0.10625 0.075
50 0.27578125 0.3515625 0.090625 0.059375
119 0.3796875 0.36640625 0.10546875 0.06875
112 0.2578125 0.56484375 0.03984375 0.03125
44 0.48828125 0.3359375 0.13515625 0.09140625
120 0.14375 0.14609375 0.11328125 0.07421875
112 0.2453125 0.4984375 0.04375 0.02265625
14 0.7046875 0.1609375 0.10546875 0.07734375
88 0.309375 0.1640625 0.1015625 0.06640625
119 0.64375 0.3671875 0.10078125 0.06953125
48 0.265625 0.546875 0.05625 0.03515625
112 0.24140625 0.4734375 0.03828125 0.02265625
44 0.12578125 0.275 0.1109375 0.0828125
40 0.28359375 0.5921875 0.05546875 0.034375
112 0.215625 0.42421875 0.05078125 0.0265625
40 0.1703125 0.35546875 0.0375 0.04921875
112 0.1984375 0.2953125 0.0453125 0.03046875
112 0.771875 0.58046875 0.0453125 0.0296875
112 0.73125 0.48203125 0.03359375 0.02734375
51 0.396875 0.4515625 0.1140625 0.0859375
48 0.74140625 0.47109375 0.05390625 0.03671875
48 0.68671875 0.46171875 0.04375 0.0328125
54 0.3234375 0.46796875 0.11171875 0.08515625
120 0.178125 0.475 0.11796875 0.071875
112 0.69921875 0.378125 0.034375 0.0375
88 0.6625 0.32109375 0.10625 0.06875
112 0.13984375 0.21484375 0.05078125 0.0234375