70 0.4357465277777778 0.19725694444444447 0.1433391203703703 0.12418402777777779
6 0.13771990740740742 0.06619791666666666 0.13276620370370368 0.10967013888888888
56 0.6868923611111111 0.08904513888888889 0.14101273148148152 0.09833333333333331
127 0.6901793981481481 0.3053125 0.15346643518518518 0.09732638888888889
117 0.7743576388888889 0.35508680555555555 0.06910300925925927 0.041302083333333336
117 0.8010763888888889 0.33520833333333333 0.0512037037037036 0.04284722222222222
117 0.753275462962963 0.301875 0.05108796296296294 0.03894097222222222
5 0.13409143518518518 0.18072916666666666 0.07958333333333334 0.05269097222222223
5 0.12880208333333334 0.16020833333333334 0.09026620370370368 0.04458333333333333
5 0.10540509259259259 0.13420138888888888 0.08038773148148151 0.05350694444444444
47 0.45876736111111105 0.07890625 0.15045717592592603 0.10109374999999998