80 0.7103125 0.5240277777777778 0.1413368055555555 0.10440393518518505
8 0.6477083333333333 0.4850983796296296 0.08364583333333328 0.03872685185185176
8 0.47477430555555555 0.47515625000000006 0.054635416666666714 0.033611111111111217
8 0.6391666666666667 0.4524016203703704 0.06234374999999996 0.02903935185185169
67 0.2537847222222222 0.41278356481481476 0.06182291666666666 0.040746527777777784
117 0.6885416666666666 0.3180324074074074 0.05395833333333329 0.03828703703703704
117 0.2496006944444445 0.2596701388888889 0.06826388888888886 0.04943287037037036
48 0.28399305555555554 0.3302777777777778 0.053888888888888875 0.03516203703703704
48 0.23888888888888887 0.3403240740740741 0.04779513888888891 0.04210069444444446
124 0.5001909722222222 0.21219328703703705 0.21840277777777786 0.09304976851851858
117 0.27046875 0.28436921296296297 0.052447916666666664 0.040607638888888874
117 0.3003298611111111 0.25657407407407407 0.048559027777777784 0.041331018518518545
117 0.2782986111111111 0.3553703703703704 0.04857638888888891 0.04211226851851855
8 0.41578125000000005 0.45805555555555555 0.056909722222222216 0.030520833333333285
8 0.4459548611111111 0.4443229166666667 0.07718749999999996 0.029259259259259273
117 0.71796875 0.4465451388888889 0.0731076388888889 0.05653356481481477
8 0.6782812500000001 0.2431597222222222 0.06166666666666672 0.03371527777777779
8 0.6853645833333333 0.21023148148148146 0.06324652777777776 0.034519675925925954
8 0.5674826388888888 0.21588541666666666 0.06859375000000015 0.029131944444444446
8 0.6177604166666667 0.19247685185185187 0.07473958333333339 0.024537037037037024
8 0.5947222222222223 0.24596064814814814 0.05614583333333343 0.031290509259259205