108 0.14039930555555555 0.5208912037037037 0.10585069444444443 0.08269675925925916
23 0.17934027777777778 0.5426793981481481 0.07399305555555555 0.05031828703703702
123 0.19913194444444443 0.5199363425925926 0.06994791666666669 0.04704861111111107
123 0.34649305555555554 0.26793981481481477 0.09930555555555554 0.05827546296296297
23 0.23600694444444445 0.5706018518518519 0.08270833333333334 0.07092013888888893
23 0.6744791666666666 0.31843171296296297 0.1794270833333332 0.0885416666666666
90 0.4175173611111111 0.30734953703703705 0.08097222222222218 0.06695601851851851
79 0.6135416666666667 0.4922453703703704 0.11340277777777778 0.09467592592592596
90 0.6780034722222222 0.4328125 0.09784722222222228 0.06056134259259256
79 0.3869965277777778 0.25457175925925923 0.10362847222222218 0.06779513888888893
18 0.6878645833333333 0.38700810185185186 0.12159722222222236 0.06846064814814819
39 0.6663541666666667 0.25474537037037037 0.07093750000000014 0.05176504629629628