44 0.7463946759259259 0.23675347222222226 0.14391203703703698 0.11745949074074069
44 0.5901331018518519 0.2348148148148148 0.12740162037037023 0.11030671296296299
40 0.7138310185185185 0.41149305555555554 0.06329861111111104 0.05436921296296297
14 0.6932754629629629 0.07856481481481481 0.12453703703703703 0.07513310185185187
88 0.4959722222222222 0.1536574074074074 0.10813078703703702 0.07501157407407408
51 0.4526331018518518 0.23379629629629628 0.11543981481481484 0.09381365740740737
120 0.35403935185185187 0.16979166666666665 0.12075810185185176 0.08369791666666666
44 0.3004224537037037 0.294380787037037 0.12810185185185183 0.10484375000000004
40 0.19513310185185184 0.35843749999999996 0.05222222222222221 0.044913194444444395
119 0.2750694444444445 0.11218171296296298 0.12621527777777777 0.08295717592592596
120 0.06637731481481482 0.05126736111111111 0.13266203703703705 0.09628472222222222
12 0.11342013888888888 0.2211284722222222 0.12289930555555557 0.12277199074074074
112 0.14234375 0.38070023148148147 0.05627893518518521 0.05509837962962969
112 0.17151041666666667 0.34576388888888887 0.05077546296296296 0.0527141203703704
112 0.1741724537037037 0.31453703703703706 0.052899305555555554 0.03788773148148152
112 0.2280613425925926 0.2610358796296296 0.05454282407407405 0.043368055555555604
112 0.24886574074074072 0.24166087962962965 0.05147569444444446 0.04725115740740744
112 0.0940451388888889 0.17880208333333333 0.0513599537037037 0.03943865740740744
88 0.21094328703703705 0.05468171296296296 0.11602430555555551 0.08053819444444446
54 0.43475115740740744 0.5031655092592592 0.15221643518518527 0.09799189814814824