13 0.690787037037037 0.3871585648148148 0.12842013888888887 0.09651620370370377
105 0.6248090277777777 0.2470659722222222 0.06963541666666657 0.060277777777777784
83 0.1677488425925926 0.35241319444444447 0.051892361111111104 0.04050925925925926
83 0.1738541666666667 0.3207465277777778 0.06818287037037037 0.03757523148148145
104 0.23538773148148148 0.31083912037037037 0.12289930555555557 0.06811342592592595
83 0.22541666666666668 0.3176909722222222 0.05278935185185185 0.04446180555555559
105 0.2369386574074074 0.25752893518518516 0.062442129629629584 0.05439236111111114
21 0.08505208333333333 0.25557291666666665 0.11353009259259259 0.09407407407407406
83 0.22358796296296296 0.36162615740740744 0.05892361111111111 0.04092592592592599
83 0.28348958333333335 0.34946759259259264 0.07057291666666661 0.039276620370370455
83 0.280931712962963 0.3159664351851852 0.06767939814814809 0.04690393518518521