14 0.7264236111111112 0.10015046296296296 0.1178993055555555 0.07470486111111115
112 0.2228298611111111 0.41520833333333335 0.04850694444444441 0.039149305555555534
88 0.27477430555555554 0.10399305555555553 0.11032986111111107 0.07976851851851849
14 0.22781250000000003 0.33351273148148153 0.1015625 0.07541666666666665
119 0.4852256944444445 0.3287789351851852 0.10862847222222208 0.0765625
51 0.3733680555555555 0.26097222222222227 0.1188888888888889 0.07943287037037035
112 0.19192708333333336 0.28369212962962964 0.05152777777777775 0.036967592592592614
40 0.7078993055555556 0.30000578703703706 0.06189236111111107 0.042181712962962956
12 0.6061631944444444 0.30136574074074074 0.12833333333333333 0.11655671296296291
112 0.21149305555555556 0.3891724537037037 0.05430555555555561 0.02931712962962969
88 0.36380208333333336 0.20430555555555557 0.10296875000000005 0.05444444444444443
48 0.6731076388888889 0.29241319444444447 0.05045138888888889 0.047824074074074116
112 0.1914236111111111 0.25474537037037037 0.03416666666666668 0.03217013888888891
40 0.7967361111111111 0.30792824074074077 0.05638888888888882 0.0411168981481481
12 0.6345833333333333 0.2184548611111111 0.1313194444444445 0.11359374999999998
48 0.6214236111111111 0.23949652777777777 0.05557291666666657 0.040295138888888894
51 0.5090451388888889 0.23044560185185184 0.1175694444444444 0.08482060185185185
112 0.1554861111111111 0.22137152777777777 0.03225694444444445 0.024276620370370327
112 0.14897569444444442 0.19821759259259258 0.05437500000000002 0.0308796296296296
112 0.13085069444444444 0.1780150462962963 0.04730902777777777 0.02973379629629629