8 0.7316666666666667 0.47874999999999995 0.048680555555555574 0.04375
8 0.7792708333333334 0.49828124999999995 0.05458333333333343 0.036354166666666646
8 0.6927604166666667 0.4971875 0.06076388888888893 0.035208333333333286
67 0.6737326388888889 0.38453125 0.06649305555555554 0.058958333333333265
48 0.23888888888888893 0.39760416666666665 0.06343750000000004 0.06031250000000003
117 0.3673958333333333 0.3095833333333333 0.06296875000000002 0.06729166666666667
117 0.48116319444444444 0.32807291666666666 0.07892361111111121 0.058229166666666644
117 0.4247916666666667 0.3040625 0.06315972222222221 0.054062500000000034
58 0.3734375 0.5506770833333332 0.13772569444444435 0.10187500000000008
8 0.6274479166666667 0.4647916666666666 0.04805555555555561 0.0296875
8 0.6917708333333333 0.45739583333333333 0.04557291666666678 0.02640625000000014
124 0.6381423611111111 0.6002604166666666 0.2768923611111111 0.14854166666666657