96 0.42734375 0.33203125 0.29453125 0.14609375
111 0.2375 0.52265625 0.0828125 0.078125
61 0.3078125 0.34765625 0.34765625 0.16015625
111 0.59921875 0.3609375 0.0921875 0.084375
43 0.44296875 0.35546875 0.2453125 0.11171875
112 0.41328125 0.2984375 0.05859375 0.03828125
112 0.35 0.35625 0.06484375 0.04140625
112 0.20703125 0.475 0.05078125 0.04140625
112 0.2375 0.46796875 0.0453125 0.03046875
112 0.3171875 0.30390625 0.05234375 0.034375
112 0.18984375 0.37421875 0.059375 0.02890625
112 0.20390625 0.40390625 0.03671875 0.03046875
112 0.24296875 0.41328125 0.0421875 0.025