114 0.3635127314814815 0.48249421296296297 0.09959490740740744 0.054456018518518515
5 0.6242592592592593 0.6040509259259259 0.07536458333333336 0.05199652777777786
5 0.6658391203703704 0.5790798611111111 0.07760995370370374 0.038802083333333216
5 0.22413194444444445 0.530613425925926 0.0885821759259259 0.043894675925925955
45 0.24101273148148147 0.36050347222222223 0.14357638888888893 0.08732638888888893
112 0.23825810185185184 0.41605902777777787 0.030688657407407404 0.030815972222222144
97 0.23456597222222225 0.4927372685185185 0.10523148148148147 0.07731481481481488
114 0.4722395833333334 0.4605034722222222 0.09340277777777786 0.06203703703703702
114 0.3677141203703703 0.442505787037037 0.09651620370370377 0.060590277777777854
3 0.17583333333333334 0.40821759259259255 0.11170138888888888 0.10723379629629619
112 0.7037962962962963 0.41053240740740743 0.04557291666666661 0.036834490740740834