124 0.620792824074074 0.524363425925926 0.2643750000000001 0.13628472222222215
8 0.7297974537037037 0.5453125 0.045902777777777716 0.04152199074074083
8 0.36563078703703705 0.4604166666666667 0.05125578703703706 0.033912037037037025
67 0.6896006944444444 0.5179108796296296 0.06458333333333321 0.03752893518518512
48 0.22587962962962962 0.5647569444444445 0.06017361111111112 0.05610532407407405
117 0.23342592592592593 0.37161458333333336 0.05458912037037038 0.048090277777777767
117 0.6383101851851851 0.3433449074074074 0.07498263888888879 0.05431134259259256
117 0.25256944444444446 0.34435763888888893 0.05931134259259263 0.05060763888888893
8 0.5826446759259258 0.5695023148148148 0.04569444444444457 0.027459490740740833
8 0.3168344907407407 0.4864293981481481 0.05814814814814815 0.024797453703703808
106 0.4961458333333333 0.13622685185185185 0.125642361111111 0.10069444444444446
8 0.34291087962962963 0.518258101851852 0.06457175925925922 0.03674768518518512