15 0.26046874999999997 0.4666550925925925 0.07640624999999997 0.07009837962962955
13 0.29958333333333337 0.40756944444444443 0.14406250000000007 0.10251157407407412
105 0.22125 0.4419849537037037 0.0630208333333333 0.044751157407407406
110 0.4147916666666666 0.6092476851851852 0.07557291666666668 0.045902777777777716
110 0.36572916666666666 0.6013078703703704 0.06713541666666671 0.059687500000000074
46 0.7210416666666667 0.48275462962962956 0.16750000000000007 0.11490162037037024
83 0.58671875 0.47577546296296297 0.04604166666666672 0.047366898148148096
83 0.6376041666666666 0.48757523148148146 0.0546875 0.048402777777777926
104 0.313125 0.5285011574074074 0.12411458333333333 0.06059606481481481
110 0.26656250000000004 0.51109375 0.07203125000000003 0.039560185185185046
105 0.31505208333333334 0.48695601851851844 0.06619791666666668 0.04562500000000007
83 0.5676041666666667 0.5295717592592593 0.05984374999999993 0.04387731481481474
83 0.5302604166666667 0.5095428240740741 0.06302083333333322 0.044751157407407406
83 0.6065625 0.5151099537037037 0.04906249999999997 0.04589699074074076
110 0.23755208333333333 0.545613425925926 0.08875000000000002 0.05642939814814803
21 0.5413020833333333 0.40510416666666665 0.12729166666666672 0.08486111111111114