70 0.3315219907407408 0.3012326388888889 0.1488310185185185 0.13023148148148148
70 0.46641782407407406 0.23286458333333332 0.11262152777777779 0.10939814814814816
117 0.6774189814814815 0.4760185185185185 0.06315393518518526 0.0587037037037037
127 0.459212962962963 0.32657986111111115 0.13406249999999992 0.08629629629629623
56 0.18826967592592592 0.3045833333333333 0.14109375000000002 0.08640046296296297
56 0.3302951388888889 0.20426504629629633 0.1349247685185185 0.08787037037037031
56 0.6116608796296296 0.25143518518518515 0.1223842592592593 0.08690393518518516
117 0.6782754629629629 0.4142650462962963 0.04881944444444457 0.03819444444444446
56 0.1492013888888889 0.24380208333333334 0.12975115740740742 0.0784259259259259
117 0.7221354166666667 0.3977141203703704 0.04605902777777775 0.04517939814814813
117 0.6950231481481481 0.3777662037037037 0.051284722222222356 0.040572916666666715
117 0.16897569444444444 0.4505034722222222 0.0643634259259259 0.03686342592592595
117 0.17237268518518517 0.4302256944444444 0.06482060185185183 0.030625000000000034
117 0.24626157407407406 0.2718229166666667 0.04931712962962962 0.03273726851851855
117 0.17217592592592593 0.3887847222222222 0.05831597222222222 0.04067708333333338
117 0.1083912037037037 0.3221643518518518 0.05124421296296298 0.03979166666666671
117 0.2653182870370371 0.2963425925925926 0.03669560185185183 0.030208333333333393