112 0.2171875 0.49384259259259256 0.046875 0.03663194444444447
88 0.27265625 0.13919560185185184 0.10625 0.07423032407407408
14 0.228125 0.3588483796296297 0.096875 0.07096643518518526
119 0.46953125 0.37336226851851856 0.10390625 0.07107060185185184
50 0.23828125 0.42540509259259257 0.08046875 0.06134837962962969
12 0.58984375 0.35405092592592596 0.121875 0.11039930555555558
112 0.2109375 0.46328125 0.05234375 0.027337962962963046
88 0.35546875 0.24354745370370373 0.09921875 0.04990740740740733
112 0.646875 0.3798958333333333 0.03203125 0.03016203703703706
12 0.621875 0.2748379629629629 0.125 0.10732060185185191
51 0.49765625 0.2784664351851852 0.1125 0.07901041666666667
120 0.49609375 0.22063078703703703 0.1171875 0.06892361111111107
44 0.22734375 0.2814930555555556 0.11953125 0.09473958333333332
40 0.2078125 0.33120370370370367 0.0484375 0.035092592592592634
119 0.378125 0.3704456018518518 0.096875 0.07331018518518517
14 0.7140625 0.37307870370370366 0.11640625 0.08141203703703699
112 0.6671875 0.35207175925925926 0.03984375 0.032621527777777805