124 0.37788194444444445 0.6571180555555556 0.20464120370370367 0.10374999999999997
48 0.3575520833333333 0.6599131944444444 0.05968171296296294 0.04272569444444443
117 0.2191550925925926 0.5731597222222222 0.053460648148148146 0.046493055555555426
117 0.6971817129629629 0.4703645833333333 0.07381365740740745 0.0524131944444445
117 0.26609953703703704 0.5627430555555556 0.05816550925925927 0.04894097222222218
117 0.3584027777777778 0.5450694444444444 0.056487268518518444 0.03328124999999993
117 0.4147511574074074 0.5305381944444444 0.03931712962962965 0.035243055555555534
117 0.4843113425925926 0.5250868055555555 0.06596064814814824 0.04677083333333343
48 0.6525752314814814 0.5869618055555555 0.047974537037037024 0.04402777777777782
67 0.36945601851851856 0.5292013888888889 0.06828703703703702 0.044479166666666715
58 0.375306712962963 0.4775173611111111 0.13186342592592598 0.0857291666666665