50 0.6894097222222222 0.5295081018518519 0.10003472222222225 0.06380787037037035
120 0.5266493055555556 0.25351273148148146 0.11560763888888878 0.07831018518518515
88 0.19253472222222223 0.33361689814814816 0.11581018518518515 0.08221643518518515
51 0.3320717592592593 0.30530092592592595 0.14742476851851852 0.09017361111111111
119 0.3600289351851852 0.35283564814814816 0.1146643518518518 0.07516203703703699
112 0.17313657407407407 0.45197916666666665 0.04310763888888891 0.034039351851851765
112 0.6872280092592593 0.4211458333333333 0.04405092592592581 0.03718749999999993
44 0.4749305555555555 0.3182291666666667 0.14638888888888885 0.10028356481481478
120 0.12432291666666666 0.1297048611111111 0.12280092592592595 0.08164351851851852
112 0.6861747685185186 0.4414583333333334 0.04713541666666661 0.0364988425925926
112 0.17072916666666665 0.4231886574074074 0.047349537037037016 0.025584490740740762
54 0.6805671296296296 0.2637731481481482 0.1036747685185185 0.08887731481481484
14 0.7125752314814815 0.1278761574074074 0.11515046296296294 0.08453703703703704
88 0.29756944444444444 0.14329282407407407 0.11063657407407401 0.07270254629629633
119 0.6365104166666666 0.3462037037037037 0.10927662037037038 0.0765625
40 0.6923784722222222 0.48729745370370364 0.05062499999999996 0.043622685185185264
48 0.7009606481481481 0.3669155092592592 0.06049768518518519 0.03845486111111107
112 0.16895254629629627 0.30701388888888886 0.04109953703703706 0.025399305555555605
44 0.0985648148148148 0.2654166666666667 0.12016203703703705 0.090925925925926
122 0.4390625 0.19760416666666666 0.09688657407407408 0.09335648148148143
40 0.13809027777777777 0.33054976851851847 0.0604571759259259 0.037673611111111074
112 0.1815914351851852 0.2738773148148148 0.05454282407407405 0.028917824074074082
112 0.12394097222222222 0.1671585648148148 0.05032986111111111 0.05297453703703705
112 0.5648148148148148 0.3147858796296296 0.049276620370370415 0.032662037037037