70 0.4611631944444444 0.3048784722222222 0.11258680555555553 0.11263888888888882
6 0.31555555555555553 0.28729166666666667 0.12222222222222223 0.08950231481481481
56 0.6008680555555556 0.3379050925925926 0.13397569444444457 0.09141203703703704
56 0.6012673611111111 0.2856076388888889 0.13876736111111115 0.09623842592592595
117 0.6824305555555557 0.6003067129629629 0.051128472222222145 0.0522627314814816
117 0.6459895833333333 0.5765856481481482 0.054166666666666606 0.04844907407407408
5 0.7387152777777779 0.6035358796296297 0.07041666666666657 0.04190393518518505
117 0.5952777777777778 0.5782060185185185 0.047673611111111215 0.03732638888888893
5 0.7069444444444445 0.47377314814814814 0.07831597222222228 0.04604166666666672
6 0.41586805555555556 0.3745833333333333 0.13145833333333332 0.08353009259259254
5 0.2871006944444444 0.5878125 0.07668402777777779 0.04287037037037038
117 0.7107291666666666 0.5738194444444444 0.0663368055555555 0.03397569444444457
117 0.2491493055555556 0.531255787037037 0.0461631944444445 0.03962384259259259
117 0.24802083333333336 0.5507407407407408 0.04854166666666675 0.0412557870370371
117 0.22489583333333335 0.49384259259259256 0.04618055555555554 0.0404050925925926
5 0.2732291666666667 0.5608564814814815 0.09239583333333332 0.047239583333333356
5 0.2910243055555556 0.5535763888888889 0.06475694444444446 0.03314814814814824
127 0.12625 0.30588541666666663 0.1385763888888889 0.08764467592592595
117 0.20965277777777777 0.40516782407407403 0.04951388888888886 0.04987268518518526
117 0.7148090277777778 0.4412152777777778 0.046875 0.036521990740740765
117 0.6869618055555555 0.4177488425925926 0.0483680555555555 0.0334432870370371
117 0.6507638888888889 0.40496527777777774 0.053749999999999964 0.029699074074074083
5 0.29826388888888894 0.5280266203703704 0.05161458333333328 0.039004629629629584
117 0.6767013888888889 0.34249421296296295 0.03993055555555554 0.04021990740740744