88 0.2105324074074074 0.33416666666666667 0.11050925925925928 0.08142361111111107
50 0.2689872685185185 0.3409375 0.09387152777777778 0.06506944444444444
119 0.3750173611111111 0.35105902777777775 0.10885416666666661 0.07510416666666667
112 0.24700810185185187 0.5597395833333334 0.04109953703703706 0.03383680555555557
44 0.48640625000000004 0.3156597222222222 0.13965856481481484 0.09911458333333334
120 0.13616319444444444 0.13682291666666666 0.11752893518518519 0.08095486111111114
112 0.23551504629629633 0.4923263888888889 0.044878472222222146 0.025416666666666643
14 0.710931712962963 0.1268923611111111 0.10976273148148152 0.0837326388888889
88 0.3061979166666667 0.14800347222222224 0.10491319444444444 0.07258680555555559
119 0.644525462962963 0.3406423611111111 0.1041782407407407 0.07567708333333334
48 0.2550983796296296 0.5406423611111111 0.05756365740740747 0.03847222222222228
112 0.23199074074074075 0.46671874999999996 0.039409722222222235 0.02517361111111107
44 0.11623842592592593 0.2696527777777778 0.11454282407407405 0.09019097222222223
40 0.27316550925925925 0.5859027777777778 0.0575520833333333 0.037690972222222285
112 0.2061689814814815 0.4178993055555555 0.05274884259259256 0.029670138888888788
40 0.16033564814814816 0.34967013888888887 0.03980324074074071 0.05173611111111107
112 0.19015624999999997 0.2866666666666667 0.04733796296296298 0.033333333333333305
112 0.7725578703703704 0.5519965277777777 0.04654513888888889 0.03251736111111114
112 0.7326331018518518 0.4538368055555555 0.034791666666666644 0.029652777777777927
51 0.39090856481481484 0.4377951388888889 0.11848379629629627 0.09270833333333339
48 0.742962962962963 0.4416666666666667 0.05602430555555564 0.03996527777777779
48 0.6884143518518518 0.43472222222222223 0.04502893518518523 0.03557291666666664
54 0.3156655092592593 0.4575347222222222 0.11614004629629626 0.09260416666666664
120 0.1663425925925926 0.47119791666666666 0.1221701388888889 0.07803819444444446
112 0.7021759259259259 0.34901041666666666 0.03572337962962955 0.03984375
88 0.6647627314814815 0.2921180555555556 0.11041666666666679 0.07517361111111107
112 0.1312037037037037 0.20809027777777778 0.05192129629629631 0.026510416666666627