120 0.525300925925926 0.3084606481481481 0.11400462962962976 0.07993055555555557
88 0.19513310185185184 0.36105902777777776 0.11498842592592595 0.08387731481481478
50 0.33631365740740743 0.3425289351851852 0.09773148148148145 0.06662037037037036
119 0.36106481481481484 0.39394675925925926 0.1130613425925926 0.07676504629629637
112 0.22376736111111112 0.5944155092592592 0.04232638888888891 0.03491898148148156
44 0.47518518518518515 0.3685300925925926 0.14474537037037044 0.1017824074074074
120 0.12762152777777777 0.15232060185185184 0.12197916666666667 0.08346064814814813
112 0.18275462962962963 0.5695717592592592 0.04656828703703706 0.026568287037036953
14 0.7095833333333333 0.19894675925925925 0.11432870370370374 0.08618055555555557
88 0.29930555555555555 0.18002314814814815 0.10903356481481481 0.07421875
119 0.6344212962962963 0.4096875 0.108454861111111 0.0780844907407408
40 0.6778182870370371 0.5396238425925926 0.04980324074074076 0.04387731481481474
48 0.744994212962963 0.6339756944444443 0.05967592592592581 0.03893518518518526
112 0.1491087962962963 0.5537268518518518 0.04109953703703706 0.026284722222222355
44 0.10190393518518519 0.2857233796296296 0.1192997685185185 0.09189236111111114
40 0.20218171296296297 0.5423784722222222 0.0596354166666667 0.03815393518518526
112 0.18763310185185184 0.4452719907407408 0.053761574074074094 0.03005787037037031
40 0.1142650462962963 0.3192650462962963 0.04169560185185186 0.05280671296296298
112 0.17659143518518522 0.3107465277777778 0.04931712962962962 0.034502314814814736
112 0.76890625 0.610931712962963 0.04849537037037024 0.03368055555555553
112 0.7196296296296296 0.5339583333333333 0.03665509259259263 0.030729166666666786
51 0.37441550925925926 0.48394097222222215 0.12336805555555559 0.09521990740740734
48 0.7413136574074073 0.44813078703703707 0.058234953703703594 0.04119791666666668
48 0.6936111111111111 0.49187499999999995 0.047094907407407405 0.03672453703703695
48 0.6899537037037037 0.44155092592592593 0.05884259259259252 0.05291666666666668
54 0.2969618055555555 0.4971585648148148 0.1210243055555555 0.09509837962962955
120 0.14503472222222222 0.4963310185185185 0.12650462962962958 0.08057870370370371
112 0.5743634259259259 0.3744560185185185 0.037962962962962976 0.04092592592592599
88 0.6564641203703704 0.36226273148148147 0.11384259259259259 0.07680555555555557
112 0.12827546296296294 0.20013888888888892 0.05364004629629626 0.02771412037037031