84 0.3453125 0.63359375 0.08125 0.04609375
42 0.36015625 0.471875 0.1375 0.08515625
129 0.23984375 0.5046875 0.0578125 0.04609375
129 0.23671875 0.475 0.05546875 0.04609375
129 0.240625 0.45625 0.06328125 0.03984375
2 0.40546875 0.46328125 0.10625 0.05234375
130 0.29453125 0.37734375 0.096875 0.06171875
17 0.69765625 0.48515625 0.08984375 0.0765625
69 0.61328125 0.38671875 0.08203125 0.08125
8 0.603125 0.48203125 0.0484375 0.028125
8 0.65546875 0.45 0.05078125 0.02421875
91 0.6796875 0.3859375 0.0796875 0.0671875
84 0.3640625 0.35234375 0.11328125 0.0484375
42 0.48984375 0.33046875 0.13125 0.10078125