129 0.19887152777777778 0.5390625 0.09870370370370374 0.06171875
2 0.5694270833333334 0.478125 0.1450520833333334 0.0703125
91 0.2094849537037037 0.44453125 0.06506944444444444 0.08671875
17 0.20774884259259258 0.503125 0.08843750000000003 0.084375
69 0.3295196759259259 0.45390625 0.10975694444444448 0.065625
42 0.3552604166666667 0.42890625 0.1134837962962962 0.0859375
8 0.5177835648148148 0.53359375 0.05205439814814809 0.04296875
8 0.24162037037037037 0.49375 0.06413773148148146 0.02890625
69 0.37651620370370364 0.31796875 0.09857060185185187 0.08359375
129 0.5386631944444444 0.35625 0.08675347222222207 0.05390625
129 0.5810648148148149 0.32265625 0.056516203703703735 0.06171875
84 0.6349016203703703 0.325 0.08928240740740741 0.06015625
130 0.5181886574074074 0.25625 0.10063657407407404 0.07421875