112 0.234375 0.4171875 0.0609375 0.0328125
44 0.3546875 0.3546875 0.11875 0.09453125
44 0.61953125 0.296875 0.115625 0.090625
88 0.52734375 0.2234375 0.10703125 0.06875
119 0.378125 0.3078125 0.0953125 0.06640625
119 0.32734375 0.18671875 0.10390625 0.078125
51 0.490625 0.29453125 0.1 0.0734375
12 0.17578125 0.2890625 0.1078125 0.1078125
120 0.396875 0.24140625 0.096875 0.0703125
120 0.128125 0.14453125 0.10546875 0.0734375
112 0.23828125 0.4359375 0.05859375 0.03359375
112 0.26484375 0.3609375 0.04921875 0.03359375
112 0.2140625 0.28984375 0.04765625 0.0390625
112 0.26796875 0.34453125 0.046875 0.03359375
50 0.696875 0.50625 0.0921875 0.05703125
112 0.25546875 0.29921875 0.0421875 0.0328125
48 0.71171875 0.46015625 0.065625 0.03984375
48 0.675 0.471875 0.053125 0.04453125
48 0.7234375 0.48515625 0.05703125 0.0453125
112 0.15625 0.25546875 0.028125 0.034375
44 0.7515625 0.2984375 0.1265625 0.096875
14 0.709375 0.1578125 0.12421875 0.075
112 0.13828125 0.18359375 0.0359375 0.03046875
40 0.66484375 0.3703125 0.05859375 0.05546875