5 0.5349999999999999 0.5404166666666667 0.08083333333333335 0.065763888888889
9 0.6347916666666666 0.5062152777777778 0.13734375000000015 0.08262152777777772
9 0.18015625000000002 0.36342013888888886 0.11427083333333332 0.08756944444444441
114 0.42223958333333333 0.39470486111111114 0.12802083333333342 0.059791666666666646
114 0.24317708333333332 0.3776215277777778 0.11036458333333332 0.06407986111111112
3 0.3395833333333333 0.23038194444444443 0.12791666666666668 0.10503472222222224
5 0.6208854166666666 0.17654513888888887 0.08401041666666664 0.054913194444444445
5 0.5868229166666666 0.14921875 0.08619791666666661 0.0409201388888889
5 0.24338541666666663 0.18727430555555555 0.09822916666666667 0.04586805555555555
5 0.2655208333333333 0.14777777777777779 0.0794270833333333 0.056371527777777784
5 0.28119791666666666 0.20515625 0.08364583333333338 0.049444444444444444