80 0.21171875 0.4171875 0.11875 0.109375
8 0.3171875 0.34921875 0.06796875 0.03125
8 0.35546875 0.40078125 0.0765625 0.03984375
8 0.59375 0.3453125 0.0421875 0.0390625
117 0.27109375 0.46015625 0.06328125 0.0484375
48 0.2609375 0.4140625 0.03984375 0.03828125
117 0.65625 0.378125 0.0578125 0.0421875
8 0.415625 0.33515625 0.05390625 0.03515625
8 0.56328125 0.4 0.0390625 0.0359375
48 0.69453125 0.43671875 0.0625 0.04453125
117 0.66328125 0.4234375 0.040625 0.04140625
48 0.73515625 0.44921875 0.0640625 0.03359375