114 0.42729745370370364 0.4219097222222222 0.09881365740740744 0.05223958333333343
3 0.3907638888888889 0.4463657407407407 0.11163194444444446 0.0953935185185184
5 0.7118287037037037 0.44721643518518517 0.07457754629629623 0.049537037037037025
5 0.7021759259259259 0.4095775462962963 0.07682870370370373 0.037071759259259277
5 0.25810185185185186 0.4647106481481481 0.0878009259259259 0.04192129629629626
5 0.273900462962963 0.4883796296296296 0.07454282407407406 0.04484953703703702
5 0.2587731481481481 0.4498784722222222 0.07527777777777782 0.03861111111111111
45 0.3053935185185185 0.20528356481481486 0.1499016203703704 0.09439814814814813
132 0.399386574074074 0.13402777777777777 0.08563078703703705 0.0653240740740741
112 0.31980324074074074 0.14690972222222223 0.04476851851851853 0.03269097222222221
112 0.3544039351851852 0.17788773148148146 0.04864583333333332 0.02884259259259263
112 0.5524710648148148 0.13082754629629628 0.03773726851851862 0.032586805555555556
97 0.4528472222222222 0.1801273148148148 0.081111111111111 0.0879108796296296