48 0.33865740740740746 0.6431481481481481 0.05436921296296297 0.042164351851851835
48 0.31028356481481484 0.5916203703703704 0.044050925925925986 0.038437500000000034
48 0.3822800925925926 0.5982233796296296 0.060862268518518545 0.047222222222222145
117 0.21389467592592593 0.5952546296296296 0.052725694444444485 0.04050925925925917
117 0.2527372685185185 0.5632870370370371 0.05170138888888891 0.03577546296296301
117 0.31840277777777776 0.5679571759259259 0.06107638888888882 0.03633101851851848
80 0.6890856481481482 0.6421064814814814 0.13317708333333336 0.12004629629629626
117 0.7285995370370371 0.5930439814814814 0.06480902777777775 0.04823495370370381
117 0.6704340277777778 0.5677893518518518 0.059664351851851906 0.054160879629629476
8 0.5470775462962962 0.6671817129629629 0.04240740740740741 0.03678240740740737
8 0.5889814814814814 0.664212962962963 0.053142361111111217 0.0335243055555555
8 0.5605555555555556 0.6267013888888888 0.05552662037037024 0.0344444444444445
8 0.593923611111111 0.549236111111111 0.07111111111111121 0.03458912037037045
8 0.5490104166666667 0.5091898148148148 0.051458333333333425 0.031087962962962835
8 0.6203877314814814 0.5188715277777778 0.040723379629629616 0.03434606481481488
67 0.7088194444444444 0.436880787037037 0.07504629629629633 0.050399305555555426
48 0.32968171296296295 0.2897974537037037 0.06456597222222218 0.04354745370370372
48 0.6215856481481481 0.3016435185185185 0.05038194444444457 0.04037037037037035
117 0.5756076388888889 0.2560821759259259 0.07306712962962969 0.0572916666666667
117 0.3425925925925926 0.2383796296296296 0.06102430555555553 0.05034722222222223
117 0.6895196759259259 0.3500636574074074 0.06436342592592599 0.03964120370370372