14 0.7167824074074074 0.10854166666666668 0.11378472222222236 0.0755208333333333
112 0.22634837962962964 0.48359375 0.04714120370370374 0.0390625
88 0.2721064814814815 0.11864583333333334 0.10678819444444443 0.07973958333333334
14 0.22921296296296295 0.34270833333333334 0.09739004629629626 0.07598958333333332
119 0.47070023148148155 0.3375520833333333 0.10442129629629626 0.07645833333333334
50 0.274693287037037 0.36234375 0.08091435185185185 0.06552083333333333
112 0.20623263888888888 0.4059895833333333 0.04947337962962965 0.03765625000000004
12 0.5908564814814815 0.30843750000000003 0.12267939814814817 0.11671874999999998
112 0.212650462962963 0.42822916666666666 0.05254050925925924 0.030052083333333358
88 0.3556828703703704 0.21625 0.09957754629629623 0.055052083333333356
112 0.6462152777777778 0.28989583333333335 0.0322511574074074 0.03182291666666668
12 0.6222916666666667 0.22583333333333333 0.12578125 0.1138020833333333
51 0.49733796296296295 0.24041666666666667 0.11307291666666668 0.08484374999999993
120 0.4961284722222222 0.18265625000000002 0.11768518518518505 0.075
44 0.22785300925925928 0.2646354166666667 0.12021990740740743 0.10093750000000004
40 0.2106076388888889 0.4690104166666666 0.048692129629629655 0.03760416666666657
118 0.37927662037037035 0.34130208333333334 0.09740740740740739 0.07833333333333332