127 0.434375 0.21875 0.1375 0.0890625
117 0.28515625 0.54296875 0.04921875 0.03515625
56 0.17734375 0.13828125 0.11328125 0.0765625
117 0.203125 0.56796875 0.05859375 0.04140625
5 0.66328125 0.603125 0.078125 0.0375
102 0.575 0.484375 0.2921875 0.1390625
5 0.67109375 0.5734375 0.08359375 0.02890625
70 0.446875 0.284375 0.10390625 0.103125
6 0.31015625 0.27109375 0.11328125 0.08046875
56 0.5796875 0.2625 0.12890625 0.08671875
117 0.72578125 0.446875 0.05546875 0.0453125
117 0.68046875 0.46171875 0.04765625 0.04765625
117 0.2375 0.5484375 0.059375 0.0359375
117 0.64921875 0.4375 0.05 0.04375
5 0.67109375 0.29765625 0.065625 0.0375
5 0.66640625 0.24921875 0.07265625 0.04140625
6 0.403125 0.35078125 0.121875 0.075
5 0.253125 0.39609375 0.06875 0.046875
5 0.278125 0.37578125 0.06484375 0.02578125
5 0.3046875 0.3625 0.07109375 0.03828125
117 0.57578125 0.2890625 0.06171875 0.03046875