15 0.24609375 0.55078125 0.0671875 0.06328125
13 0.27265625 0.49375 0.128125 0.09140625
105 0.23671875 0.52734375 0.05625 0.03984375
110 0.36484375 0.6546875 0.0671875 0.040625
46 0.659375 0.57734375 0.14921875 0.10234375
83 0.5203125 0.6078125 0.03984375 0.04296875
83 0.56171875 0.59921875 0.0484375 0.04375
104 0.3203125 0.62265625 0.10703125 0.065625
110 0.28046875 0.6015625 0.06484375 0.034375
105 0.303125 0.5484375 0.05859375 0.040625
83 0.528125 0.58984375 0.04296875 0.02421875
110 0.271875 0.6375 0.1 0.03125
21 0.50546875 0.51484375 0.11328125 0.07578125
103 0.36640625 0.50390625 0.06796875 0.0796875