124 0.5984375 0.5690625 0.2578414351851851 0.13786458333333335
8 0.7018287037037038 0.6010416666666667 0.0457349537037036 0.04119791666666668
8 0.3559895833333333 0.48234374999999996 0.05079861111111104 0.03375000000000004
67 0.664224537037037 0.5703125 0.06346064814814803 0.03770833333333332
48 0.2182349537037037 0.5688020833333333 0.0597453703703704 0.05614583333333343
117 0.23252314814814815 0.38395833333333335 0.054612268518518546 0.047239583333333356
117 0.6214120370370371 0.398125 0.07364583333333333 0.05395833333333329
117 0.25178819444444445 0.36015625 0.058680555555555534 0.05062499999999996
8 0.5603125 0.6088541666666667 0.045046296296296265 0.02791666666666668
8 0.30789930555555556 0.50265625 0.056603009259259277 0.025572916666666678
106 0.49296296296296294 0.18416666666666667 0.12353009259259266 0.10010416666666666
8 0.3320196759259259 0.53640625 0.0634606481481482 0.03770833333333332