14 0.7440451388888889 0.32157986111111114 0.13454861111111108 0.08107638888888893
119 0.3844097222222222 0.3412847222222222 0.1345659722222222 0.08185763888888893
48 0.33406250000000004 0.32288194444444446 0.046388888888888855 0.049444444444444444
54 0.39239583333333333 0.2981597222222222 0.12710069444444444 0.09730902777777777
44 0.2225347222222222 0.24649305555555556 0.12725694444444446 0.10434027777777777
88 0.3669791666666667 0.21204861111111112 0.11814236111111107 0.08071180555555557
12 0.65 0.23152777777777778 0.11564236111111104 0.10876736111111107
50 0.5115277777777777 0.24319444444444444 0.11906250000000007 0.08697916666666669
120 0.5034895833333334 0.18324652777777778 0.11977430555555557 0.08387152777777782
48 0.25232638888888886 0.3817013888888889 0.06133680555555561 0.054461805555555465
112 0.725625 0.4125694444444445 0.05874999999999986 0.043472222222222356
112 0.6849305555555556 0.31118055555555557 0.051753472222222284 0.044878472222222146
120 0.5944097222222222 0.3085069444444445 0.10986111111111115 0.09458333333333328
112 0.6582638888888889 0.2813194444444444 0.044513888888888964 0.03534722222222229
40 0.2148784722222222 0.3450520833333333 0.05869791666666666 0.04112847222222218
12 0.7933680555555556 0.24552083333333333 0.12097222222222222 0.10263888888888886