44 0.7758738425925926 0.34484375 0.1383738425925925 0.11779513888888893
44 0.6251041666666667 0.3373611111111111 0.12265625 0.11085069444444447
40 0.6813599537037037 0.49777777777777776 0.06092013888888896 0.05423611111111111
14 0.728900462962963 0.19109375 0.1198032407407407 0.07637152777777775
88 0.53640625 0.25602430555555555 0.1041782407407407 0.07567708333333334
51 0.4922800925925926 0.3322395833333333 0.11069444444444443 0.09392361111111107
120 0.3986631944444444 0.26631944444444444 0.11603587962962969 0.08557291666666664
44 0.343744212962963 0.38505208333333335 0.12335648148148141 0.10541666666666671
119 0.32447337962962963 0.2082986111111111 0.12226273148148152 0.08428819444444446
120 0.12218171296296296 0.14302083333333332 0.13574074074074077 0.09815972222222222
12 0.16508680555555555 0.3075347222222222 0.11814236111111112 0.12236111111111114
112 0.24450810185185184 0.5401215277777778 0.053900462962962956 0.05470486111111121
112 0.22288194444444445 0.4695833333333333 0.039560185185185226 0.03532986111111107
112 0.22408564814814813 0.49387152777777776 0.051313657407407474 0.03819444444444446
112 0.23129629629629633 0.4293055555555556 0.05295717592592588 0.043732638888888786
112 0.21046874999999998 0.4103993055555556 0.049108796296296296 0.04746527777777772
112 0.24271412037037035 0.3446006944444444 0.04900462962962955 0.040434027777777715
88 0.2635648148148148 0.15086805555555555 0.11207175925925927 0.08149305555555557
112 0.2745081018518518 0.30927083333333333 0.047384259259259306 0.0364583333333333
12 0.5891956018518518 0.38657986111111114 0.12575810185185182 0.10942708333333337
112 0.1509375 0.26 0.04034143518518522 0.035364583333333324
40 0.7391203703703704 0.45109375000000007 0.05777199074074062 0.05253472222222229
119 0.4662268518518518 0.4022222222222222 0.11046296296296312 0.07829861111111107