45 0.15942708333333333 0.49710069444444444 0.15369791666666668 0.09499999999999993
9 0.6614583333333334 0.5166724537037037 0.11937500000000015 0.08306712962962948
132 0.19624999999999998 0.3204976851851852 0.09744791666666668 0.06994212962962969
112 0.14604166666666668 0.34562499999999996 0.05645833333333332 0.03987847222222225
112 0.12625000000000003 0.38417824074074075 0.03937499999999998 0.02923611111111111
5 0.16567708333333334 0.3916087962962963 0.07833333333333332 0.05222222222222221
5 0.18552083333333333 0.35227430555555556 0.10119791666666669 0.04432291666666668
5 0.6552604166666667 0.4217708333333333 0.07911458333333332 0.05224537037037038
5 0.6523958333333333 0.39428819444444446 0.09010416666666679 0.04165509259259261
5 0.6403645833333333 0.3634027777777778 0.08677083333333328 0.050133101851851866
112 0.09895833333333334 0.3473611111111111 0.03947916666666666 0.030798611111111106
112 0.14151041666666667 0.3431423611111111 0.04369791666666667 0.023906250000000018
53 0.3078125 0.30266782407407405 0.13807291666666668 0.0828414351851852
112 0.23427083333333334 0.3372800925925926 0.03791666666666664 0.030752314814814774
53 0.2244791666666667 0.5311226851851852 0.1380208333333334 0.08206018518518512