117 0.1892939814814815 0.5049305555555555 0.07378472222222224 0.0547569444444445
117 0.694039351851852 0.46293402777777787 0.06464120370370381 0.060590277777777854
86 0.1683449074074074 0.5942881944444445 0.1140625 0.06824652777777782
48 0.14001736111111113 0.5055555555555555 0.06412037037037037 0.046527777777777855
8 0.2759548611111111 0.5206423611111111 0.06539351851851852 0.03878472222222218
8 0.6187210648148148 0.5210590277777778 0.07641782407407405 0.04161458333333332
117 0.7379918981481481 0.4453298611111111 0.06374421296296298 0.05743055555555561
8 0.3089699074074074 0.48239583333333336 0.07476851851851851 0.039201388888889
8 0.5930555555555556 0.4830729166666667 0.0567418981481481 0.036840277777777784
117 0.12369791666666667 0.46637152777777774 0.08611111111111111 0.05062500000000014
48 0.705150462962963 0.5093923611111111 0.08353587962962958 0.04427083333333339
67 0.288599537037037 0.37609375 0.0729166666666666 0.05237847222222225