108 0.19921875 0.52421875 0.09296875 0.071875
23 0.2359375 0.54296875 0.065625 0.04296875
123 0.253125 0.521875 0.0625 0.040625
123 0.3765625 0.28671875 0.0890625 0.05
23 0.28828125 0.5671875 0.07265625 0.06171875
23 0.678125 0.321875 0.16015625 0.075
90 0.44375 0.3203125 0.07109375 0.05859375
79 0.62890625 0.4828125 0.1 0.08359375
90 0.6859375 0.4265625 0.0875 0.05234375
79 0.41328125 0.27265625 0.0921875 0.05859375
18 0.69296875 0.384375 0.10859375 0.05859375
39 0.66796875 0.26328125 0.06328125 0.0453125