84 0.3779861111111111 0.6245023148148148 0.08567708333333339 0.048113425925926025
42 0.3862847222222222 0.45942708333333326 0.14447916666666671 0.08880208333333321
129 0.2643402777777778 0.49484953703703705 0.0614583333333333 0.04775462962962962
129 0.25986111111111115 0.4644270833333334 0.059114583333333394 0.04771990740740737
129 0.2628993055555556 0.44483796296296296 0.06664930555555557 0.041585648148148024
2 0.4319618055555555 0.4493692129629629 0.11095486111111122 0.054733796296296336
130 0.3147916666666667 0.36354745370370367 0.10203125000000002 0.06475115740740742
17 0.7322222222222223 0.46837384259259257 0.09565972222222215 0.07949074074074076
69 0.6409895833333333 0.3680960648148148 0.08809027777777771 0.08484374999999993
8 0.6352083333333333 0.46668402777777784 0.05050347222222236 0.029635416666666713
8 0.6876562500000001 0.4330729166666666 0.053454861111111106 0.02577546296296305
91 0.7089583333333334 0.3670891203703704 0.0850868055555555 0.06996527777777768
84 0.3847743055555556 0.33749421296296295 0.11859375000000005 0.05094328703703699
42 0.5126736111111111 0.3129282407407407 0.13895833333333343 0.10511574074074073