114 0.384375 0.559375 0.09609375 0.04921875
5 0.56171875 0.63828125 0.071875 0.04765625
5 0.2625 0.61796875 0.065625 0.04140625
45 0.23984375 0.4578125 0.13828125 0.07890625
112 0.23515625 0.5046875 0.0296875 0.02890625
97 0.32890625 0.628125 0.08125 0.0796875
114 0.49609375 0.521875 0.08984375 0.05703125
114 0.40859375 0.52109375 0.09296875 0.05546875
3 0.28828125 0.49453125 0.1078125 0.1
112 0.65859375 0.58515625 0.04375 0.034375
112 0.23515625 0.53515625 0.0421875 0.0296875
112 0.15859375 0.4296875 0.03359375 0.0328125