47 0.4768634259259259 0.2711400462962963 0.16225694444444444 0.09740740740740739
70 0.437505787037037 0.2403935185185185 0.13050347222222225 0.11449652777777777
6 0.16880208333333332 0.14581597222222223 0.12016203703703701 0.10146990740740743
56 0.6727199074074074 0.11890624999999999 0.12781249999999994 0.09093749999999998
127 0.6666666666666666 0.316724537037037 0.139519675925926 0.09076388888888882
117 0.7878356481481481 0.3580613425925926 0.06302083333333339 0.038396990740740745
117 0.7395023148148148 0.35354166666666664 0.046649305555555645 0.03989004629629633
117 0.7539583333333333 0.32625000000000004 0.04659143518518505 0.03598379629629633
5 0.17732060185185183 0.30853009259259256 0.0725462962962963 0.04903935185185189
5 0.1714988425925926 0.27994791666666663 0.08258680555555556 0.041753472222222233
85 0.4733101851851852 0.5109837962962963 0.13887731481481486 0.10009837962962961