96 0.3678761574074074 0.3122395833333333 0.3361458333333333 0.1665567129629629
111 0.14439236111111112 0.5270833333333333 0.09732638888888889 0.08808449074074076
61 0.2340451388888889 0.331394675925926 0.39561921296296293 0.18226851851851844
111 0.5566030092592593 0.34144675925925927 0.1078530092592592 0.09448495370370366
43 0.3827546296296297 0.33777777777777784 0.2784548611111111 0.1282349537037037
112 0.3544270833333333 0.27575231481481477 0.06734375000000004 0.0431481481481482
112 0.280318287037037 0.3408564814814815 0.07460648148148152 0.04715856481481477
112 0.11394675925925926 0.47445601851851854 0.05898148148148148 0.046927083333333286
112 0.14800347222222224 0.46614583333333337 0.052771990740740723 0.03434606481481488
112 0.24707175925925923 0.28280671296296295 0.06008101851851855 0.039137731481481454
112 0.10177083333333334 0.3637962962962963 0.06752314814814815 0.03300347222222229
112 0.11545138888888888 0.3963773148148148 0.042615740740740725 0.03419560185185189
112 0.15781828703703704 0.4058969907407407 0.048541666666666664 0.028819444444444463