23 0.28356481481481477 0.5726388888888889 0.06802662037037041 0.04473379629629619
123 0.3239583333333333 0.5669907407407407 0.06403356481481488 0.042332175925925954
123 0.27554976851851853 0.3562326388888889 0.0909143518518519 0.05131944444444443
23 0.31394675925925924 0.5918287037037037 0.07575231481481479 0.06358796296296294
23 0.7085648148148149 0.4313599537037037 0.16371527777777786 0.07738425925925921
90 0.3052662037037037 0.37853587962962965 0.07407407407407404 0.06043981481481486
90 0.713599537037037 0.46188657407407413 0.09024884259259255 0.05443287037037052
79 0.40107060185185184 0.3721469907407407 0.09513888888888893 0.059971064814814845
18 0.750925925925926 0.43667245370370367 0.07456597222222214 0.05263888888888886
39 0.7139467592592593 0.40801504629629626 0.06495949074074084 0.046250000000000034
18 0.3915509259259259 0.347019675925926 0.06785300925925926 0.061128472222222285