111 0.684519675925926 0.40743634259259254 0.09596064814814813 0.08820601851851854
43 0.4364988425925926 0.34934606481481484 0.25554976851851857 0.11829282407407397
96 0.4024710648148148 0.30221643518518515 0.32366319444444436 0.13832754629629634
112 0.2246122685185185 0.3704340277777778 0.06123263888888886 0.040295138888888894
112 0.22576967592592592 0.4251331018518519 0.06750578703703702 0.043466435185185226
112 0.2130150462962963 0.5648900462962964 0.05266203703703702 0.043356481481481524
112 0.22745949074074073 0.513431712962963 0.04789351851851853 0.03238425925925927
112 0.2575810185185185 0.34958333333333336 0.054172453703703737 0.03633680555555561
112 0.2271238425925926 0.45326967592592593 0.06194444444444445 0.030925925925926023
112 0.19030092592592593 0.46706018518518516 0.03773148148148149 0.03152777777777782
112 0.19708333333333333 0.5007060185185186 0.04394675925925928 0.026886574074073976
112 0.2697453703703704 0.3949884259259259 0.05034143518518519 0.04646412037037031
112 0.2941493055555556 0.37016782407407406 0.03460648148148149 0.03150462962962965
112 0.19461805555555559 0.30614583333333334 0.05032407407407406 0.0441203703703704
112 0.25579282407407405 0.27456597222222223 0.03066550925925924 0.026788194444444448