16 0.2227662037037037 0.5139236111111112 0.27183449074074073 0.14237847222222227
117 0.2331828703703704 0.44416666666666665 0.07181712962962958 0.05390625
117 0.6188888888888888 0.3481770833333333 0.06340856481481474 0.05977430555555561
86 0.20146412037037037 0.5059548611111111 0.11203124999999999 0.06817708333333332
124 0.36815393518518513 0.6545833333333333 0.3015219907407408 0.1436979166666667
48 0.36395833333333333 0.38131944444444443 0.0629918981481481 0.04571180555555561
117 0.7361226851851852 0.4602777777777778 0.04805555555555543 0.04192708333333339
8 0.425630787037037 0.3825 0.042332175925925954 0.03309027777777782
8 0.5042361111111111 0.37585069444444447 0.07454861111111111 0.04076388888888891
117 0.5581597222222222 0.35250000000000004 0.06255787037037042 0.057395833333333354
48 0.6629687499999999 0.3875868055555555 0.060856481481481595 0.05263888888888886
8 0.43467013888888884 0.31892361111111106 0.06774884259259259 0.048263888888888926
8 0.5134201388888888 0.3434895833333333 0.04008101851851862 0.03611111111111107