70 0.3372048611111111 0.31182291666666667 0.14343750000000002 0.1338541666666667
127 0.6670659722222222 0.32203125 0.13090277777777787 0.09652777777777777
56 0.48572916666666666 0.1948726851851852 0.13149305555555557 0.08797453703703706
5 0.16380208333333332 0.4948321759259259 0.09647569444444444 0.05728587962962965
5 0.1870486111111111 0.4319791666666667 0.09406249999999998 0.05403935185185169
117 0.6963541666666667 0.47892361111111104 0.05904513888888889 0.05846643518518526
117 0.7251736111111111 0.4462152777777778 0.06064236111111114 0.060109953703703665
117 0.7195833333333332 0.41685185185185186 0.040121527777777645 0.049681712962962976
127 0.47482638888888895 0.33434027777777775 0.12998263888888886 0.09023726851851847
56 0.20649305555555558 0.329525462962963 0.13701388888888885 0.09060185185185184
117 0.26776041666666667 0.4519849537037038 0.06348958333333332 0.04777199074074083
117 0.16925347222222223 0.4602141203703704 0.05414930555555557 0.04884837962962969
56 0.3438888888888889 0.22173611111111108 0.1315798611111111 0.09188078703703706
117 0.2543576388888889 0.3527951388888889 0.06114583333333332 0.04765046296296296
117 0.28532986111111114 0.3285590277777778 0.04786458333333332 0.046961805555555534
117 0.27503472222222225 0.3002199074074074 0.06019097222222225 0.03979745370370367
7 0.39371527777777776 0.19184027777777776 0.09942708333333332 0.04963541666666664