127 0.41550925925925924 0.16276041666666669 0.15063657407407405 0.10255208333333336
117 0.2427372685185185 0.5116666666666667 0.05428240740740744 0.040156250000000074
56 0.15295138888888887 0.09708333333333334 0.12465277777777777 0.08760416666666666
117 0.14131944444444444 0.5059895833333334 0.06417824074074074 0.047812499999999855
5 0.6381365740740741 0.5366145833333333 0.0841435185185185 0.044479166666666715
102 0.5417824074074075 0.43109374999999994 0.3162326388888889 0.16567708333333328
5 0.638599537037037 0.509375 0.08975694444444446 0.03630208333333336
70 0.4236979166666667 0.230625 0.11657986111111107 0.11505208333333332
6 0.28177083333333336 0.22609375000000004 0.125 0.09229166666666666
5 0.20607638888888888 0.5343229166666668 0.07873263888888885 0.04489583333333336
5 0.19534143518518518 0.5218229166666667 0.09088541666666665 0.04104166666666664
56 0.5644965277777778 0.19791666666666669 0.14186921296296298 0.09963541666666668
117 0.693142361111111 0.3502604166666667 0.06134259259259274 0.05151041666666671
117 0.6460069444444445 0.34640624999999997 0.05370370370370381 0.05333333333333332
117 0.2185474537037037 0.48140625000000004 0.06527777777777777 0.04166666666666678
117 0.18660300925925927 0.471875 0.06359953703703702 0.040000000000000036
102 0.4486689814814815 0.5336979166666667 0.3045138888888889 0.1648958333333333
117 0.6371527777777778 0.3190104166666667 0.055758101851851906 0.049583333333333354
7 0.31278935185185186 0.5 0.1287037037037037 0.05833333333333339
5 0.6459780092592593 0.16838541666666668 0.07164351851851851 0.04364583333333334
5 0.6357638888888889 0.12786458333333334 0.07896412037037023 0.04802083333333336