127 0.434375 0.21875 0.1375 0.0890625
6 0.66640625 0.1546875 0.1125 0.0796875
117 0.21484375 0.5296875 0.04453125 0.04453125
117 0.1984375 0.50078125 0.04921875 0.03515625
56 0.17734375 0.13828125 0.11328125 0.0765625
117 0.2640625 0.50546875 0.0453125 0.0421875
117 0.1875 0.296875 0.05859375 0.04140625
5 0.68671875 0.46484375 0.078125 0.0375
5 0.70703125 0.44140625 0.08359375 0.02890625
5 0.68359375 0.425 0.06875 0.034375
70 0.446875 0.284375 0.10390625 0.103125
6 0.31015625 0.27109375 0.11328125 0.08046875
5 0.240625 0.43828125 0.07265625 0.0375
5 0.2453125 0.415625 0.084375 0.03359375
5 0.246875 0.39765625 0.090625 0.03671875
56 0.5796875 0.2625 0.12890625 0.08671875
117 0.684375 0.39921875 0.05546875 0.0453125
117 0.67109375 0.3578125 0.04765625 0.04765625
117 0.1828125 0.265625 0.059375 0.0359375
117 0.17109375 0.25 0.05859375 0.03515625