70 0.37862847222222223 0.3345486111111111 0.15519097222222228 0.13879629629629636
70 0.5128645833333334 0.25703703703703706 0.11675347222222214 0.11659143518518515
56 0.5161458333333333 0.20765624999999996 0.14053819444444446 0.08998842592592596
5 0.23878472222222222 0.5851099537037037 0.10402777777777779 0.05847800925925917
117 0.7772569444444445 0.5910590277777779 0.06598958333333335 0.06281250000000008
117 0.74890625 0.569212962962963 0.058645833333333286 0.05557291666666657
127 0.5148958333333333 0.3555439814814815 0.1398611111111112 0.09230902777777779
56 0.22887152777777775 0.34446180555555556 0.1469270833333333 0.09329861111111111
117 0.25430555555555556 0.4766956018518519 0.06852430555555555 0.04962384259259256
117 0.18078124999999998 0.5297222222222222 0.0584027777777778 0.050104166666666575
56 0.36786458333333333 0.23317129629629632 0.1407465277777778 0.09467592592592596
117 0.19805555555555557 0.47836226851851843 0.06539930555555555 0.04953125000000007
5 0.2934027777777778 0.3707118055555555 0.09131944444444447 0.05342013888888886
56 0.6675 0.2688831018518519 0.1273958333333333 0.09271990740740747
117 0.7272048611111112 0.32734953703703706 0.05479166666666657 0.03907407407407408
117 0.5849305555555555 0.2768055555555556 0.05609374999999996 0.05081597222222225
117 0.6276215277777778 0.3044849537037037 0.05095486111111107 0.04052083333333334