114 0.3975578703703704 0.4925578703703703 0.09942708333333332 0.049936342592592456
5 0.6588888888888889 0.6187962962962963 0.07512731481481474 0.04819444444444443
5 0.6990798611111112 0.5950520833333334 0.07682291666666678 0.03571180555555564
5 0.26458912037037036 0.5357465277777778 0.08796296296296298 0.039699074074074046
45 0.2716261574074074 0.37000578703703707 0.14319444444444446 0.08071759259259252
112 0.27207754629629627 0.4239293981481482 0.03118634259259263 0.029126157407407406
97 0.2728414351851852 0.49895254629629626 0.1052488425925926 0.07184606481481488
114 0.5029166666666667 0.47458333333333336 0.09358217592592588 0.0577025462962963
114 0.4002199074074074 0.4534606481481481 0.09666666666666668 0.056944444444444464
3 0.2106539351851852 0.415005787037037 0.11381944444444443 0.10158564814814816
112 0.7258101851851853 0.43229166666666663 0.0455324074074074 0.03469907407407398