50 0.72734375 0.5170891203703704 0.10421875000000007 0.06476273148148141
120 0.5252604166666666 0.2307349537037037 0.11999999999999993 0.07904513888888891
88 0.19015625 0.3068634259259259 0.12026041666666668 0.08295138888888891
51 0.3307291666666667 0.2805381944444444 0.15276041666666665 0.09045717592592588
119 0.36531250000000004 0.3300752314814815 0.1190104166666666 0.07590856481481482
112 0.18427083333333333 0.4297280092592592 0.045208333333333336 0.034230324074074045
112 0.7113020833333333 0.4054976851851852 0.04541666666666657 0.03735532407407405
44 0.4803645833333333 0.2963078703703704 0.15187500000000007 0.1005902777777778
120 0.09479166666666666 0.09634837962962964 0.1280208333333333 0.0822858796296296
112 0.71265625 0.4258101851851852 0.049270833333333285 0.03663194444444447
112 0.17911458333333333 0.3993055555555555 0.04932291666666666 0.025706018518518548
54 0.685625 0.24321759259259262 0.10822916666666664 0.08979745370370366
14 0.7013541666666667 0.10378472222222221 0.11963541666666658 0.08528356481481483
88 0.275 0.11322916666666667 0.11494791666666666 0.07350694444444446
119 0.6505729166666667 0.3274131944444444 0.11359375000000008 0.07660879629629633
40 0.7244270833333333 0.4733391203703704 0.05208333333333339 0.04369791666666671
48 0.7192708333333334 0.3490740740740741 0.06265624999999986 0.038391203703703705
112 0.1625 0.27912037037037035 0.04307291666666666 0.02561342592592588
44 0.08453125 0.23570023148148148 0.12552083333333333 0.09161458333333332
122 0.42817708333333326 0.17039351851851853 0.10072916666666672 0.09436921296296297
40 0.13364583333333332 0.30379050925925927 0.06260416666666666 0.0376099537037037
112 0.17124999999999999 0.24614583333333334 0.05661458333333336 0.029716435185185207
112 0.09895833333333334 0.13538773148148148 0.052760416666666664 0.05385416666666667
112 0.5717187499999999 0.2941724537037037 0.050572916666666676 0.03274884259259263