50 0.7475115740740741 0.48614583333333333 0.10234375 0.06550347222222222
120 0.5523726851851851 0.24184027777777778 0.11770833333333322 0.07989583333333332
88 0.21597222222222223 0.32125 0.11785300925925926 0.08380208333333332
51 0.35723379629629626 0.2930902777777778 0.15014467592592595 0.0915451388888889
119 0.39036458333333335 0.3431770833333333 0.11681134259259265 0.07675347222222229
112 0.2028935185185185 0.3903472222222223 0.044212962962962975 0.03454861111111107
112 0.7319733796296296 0.3621701388888889 0.04432870370370381 0.037673611111111074
44 0.5063368055555555 0.30776041666666665 0.14895833333333322 0.10166666666666666
120 0.12685185185185185 0.11055555555555556 0.12563657407407405 0.08319444444444443
112 0.7328703703703704 0.3863888888888889 0.04820601851851869 0.036979166666666605
112 0.1890625 0.3757986111111111 0.04858217592592595 0.02605902777777782
54 0.7130787037037037 0.253125 0.10561342592592596 0.09055555555555558
14 0.7329571759259259 0.11428819444444445 0.11715856481481488 0.0861284722222222
48 0.7317708333333333 0.4411458333333333 0.05538194444444446 0.04104166666666664
88 0.30648148148148147 0.12611111111111112 0.11281828703703703 0.07432291666666666
119 0.6747685185185185 0.33763888888888893 0.11137152777777785 0.0774131944444445
40 0.722193287037037 0.4147743055555555 0.05081018518518512 0.044062500000000074
48 0.7163194444444445 0.2984027777777778 0.06154513888888893 0.038836805555555555
112 0.19241898148148148 0.2342013888888889 0.042332175925925954 0.02592013888888891
44 0.1125 0.25083333333333335 0.12285879629629629 0.09249999999999999