91 0.2359375 0.49122106481481487 0.06171875 0.08639467592592602
17 0.30703125 0.5563194444444445 0.096875 0.08665509259259245
69 0.39296875 0.4994328703703704 0.10703125 0.06563657407407408
42 0.434375 0.45146990740740744 0.11015625 0.08597222222222226
8 0.340625 0.5646643518518518 0.05 0.04333912037037031
69 0.396875 0.39627893518518514 0.0953125 0.08351851851851855
129 0.675 0.39109375 0.084375 0.053749999999999964
129 0.6734375 0.3614178240740741 0.05390625 0.06133680555555561
84 0.70703125 0.4103877314814815 0.08671875 0.06079861111111118
130 0.634375 0.29139467592592594 0.096875 0.07415509259259263
129 0.28984375 0.3556655092592592 0.06328125 0.053593749999999926
8 0.18515625 0.4939409722222222 0.04453125 0.03157986111111111
8 0.30078125 0.48995949074074074 0.04453125 0.03470486111111111