23 0.207662037037037 0.5523032407407408 0.06867476851851854 0.04571759259259274
123 0.2650983796296297 0.5461805555555556 0.06464699074074076 0.0432581018518519
123 0.3350636574074074 0.31351851851851853 0.09165509259259252 0.05263888888888886
23 0.25875 0.5780729166666667 0.07667824074074074 0.06467592592592589
23 0.6761805555555556 0.3744849537037037 0.1648263888888888 0.07976851851851849
90 0.3795775462962963 0.34535300925925927 0.07495370370370366 0.06150462962962964
79 0.618292824074074 0.5402141203703703 0.10511574074074073 0.086579861111111
90 0.6749421296296296 0.4738194444444444 0.0910358796296297 0.05574074074074069
79 0.3947222222222222 0.30980902777777775 0.09600694444444446 0.06134837962962969
18 0.6983564814814816 0.44478009259259255 0.11241319444444446 0.061834490740740836
39 0.67109375 0.33677662037037037 0.06563078703703695 0.04718749999999998