127 0.434375 0.21875 0.1375 0.0890625
117 0.28515625 0.54453125 0.04921875 0.03515625
56 0.17734375 0.13828125 0.11328125 0.0765625
117 0.215625 0.56484375 0.05859375 0.04140625
70 0.446875 0.284375 0.10390625 0.103125
6 0.31015625 0.27109375 0.11328125 0.08046875
56 0.5796875 0.2625 0.12890625 0.08671875
117 0.746875 0.46796875 0.05546875 0.0453125
117 0.68046875 0.46171875 0.04765625 0.04765625
117 0.24921875 0.55703125 0.059375 0.0359375
117 0.63203125 0.45625 0.05 0.04375
5 0.67734375 0.33359375 0.065625 0.0375
117 0.60234375 0.30078125 0.0609375 0.0421875
117 0.6375 0.31171875 0.04453125 0.03359375
5 0.6671875 0.2921875 0.07265625 0.04140625
6 0.403125 0.35078125 0.121875 0.075
5 0.23984375 0.43203125 0.06875 0.046875
5 0.2484375 0.40703125 0.06484375 0.02578125
5 0.2578125 0.38125 0.07109375 0.03828125
117 0.6453125 0.34296875 0.06171875 0.03046875
117 0.15546875 0.2375 0.0421875 0.03671875
117 0.14765625 0.20859375 0.0453125 0.0375
117 0.16640625 0.19453125 0.0421875 0.03671875
5 0.37734375 0.63203125 0.05625 0.03984375
5 0.30078125 0.63046875 0.0671875 0.05078125