44 0.75625 0.29921875 0.12890625 0.10546875
14 0.709375 0.15625 0.1125 0.0671875
88 0.52890625 0.22578125 0.09765625 0.0671875
51 0.4890625 0.2984375 0.103125 0.084375
120 0.39921875 0.240625 0.10859375 0.07578125
119 0.32890625 0.1890625 0.1140625 0.07421875
120 0.1375 0.13671875 0.1265625 0.0875
12 0.18046875 0.2890625 0.11015625 0.1109375
112 0.2140625 0.49921875 0.05 0.04921875
112 0.2390625 0.465625 0.04765625 0.03359375
112 0.23828125 0.40546875 0.04921875 0.0390625
112 0.240625 0.41796875 0.04609375 0.0421875
112 0.28984375 0.38203125 0.04609375 0.0359375
88 0.27109375 0.1375 0.1046875 0.071875
14 0.215625 0.3546875 0.1109375 0.07421875
112 0.2625 0.34453125 0.04453125 0.0328125
40 0.69765625 0.43125 0.05390625 0.04765625
119 0.46484375 0.36640625 0.103125 0.06875
51 0.36015625 0.29453125 0.1125 0.071875
112 0.1375 0.23125 0.0484375 0.03359375
44 0.71015625 0.3546875 0.12109375 0.09609375
40 0.6796875 0.41171875 0.03359375 0.03671875
40 0.309375 0.35859375 0.05859375 0.0375
12 0.5796875 0.346875 0.13203125 0.10546875