51 0.4665972222222223 0.25258101851851855 0.12465277777777786 0.0884317129629629
44 0.3299537037037037 0.31752314814814814 0.11704861111111109 0.10208912037037035
118 0.34089699074074076 0.26457175925925924 0.11608217592592593 0.08954861111111115
48 0.7246932870370371 0.3111284722222222 0.05688657407407405 0.04588541666666668
44 0.6118981481481481 0.2442650462962963 0.11329282407407408 0.11204282407407407
120 0.37264467592592593 0.19099537037037034 0.11988425925925927 0.08271990740740742
12 0.1366898148148148 0.25483217592592594 0.13204282407407408 0.11301504629629626
88 0.4676273148148148 0.32211226851851854 0.11039351851851845 0.07442129629629637
48 0.6775 0.344849537037037 0.058518518518518546 0.05065393518518517
112 0.2268171296296296 0.32208912037037035 0.0552777777777778 0.0426793981481481
54 0.7274074074074074 0.2304571759259259 0.10681134259259259 0.09609375
112 0.24425347222222218 0.2852199074074074 0.04414351851851848 0.028831018518518547
118 0.30232638888888885 0.14147569444444447 0.1236979166666666 0.07667245370370371
48 0.5436863425925926 0.23138310185185187 0.057644675925925884 0.04436342592592588
48 0.47040509259259256 0.19296296296296295 0.05441550925925931 0.03717013888888889
48 0.5258854166666667 0.19086805555555558 0.05666666666666664 0.03104166666666668