23 0.18079861111111112 0.4963252314814815 0.07399305555555555 0.04978587962962955
123 0.24442708333333335 0.4866377314814815 0.06994791666666664 0.04654513888888889
123 0.3182465277777778 0.2300983796296296 0.09930555555555554 0.05755787037037034
23 0.23743055555555553 0.5211747685185186 0.08270833333333334 0.07032986111111121
23 0.6892534722222223 0.27372106481481484 0.1794270833333332 0.0872395833333333
90 0.3667881944444445 0.26142939814814814 0.08097222222222218 0.06637731481481479
79 0.6272569444444445 0.457349537037037 0.11340277777777778 0.09386574074074083
90 0.6891493055555555 0.38139467592592596 0.09784722222222228 0.05985532407407401
79 0.38336805555555553 0.22192708333333333 0.10362847222222218 0.06704861111111109
18 0.7140104166666668 0.3486689814814815 0.12159722222222236 0.06758101851851847
39 0.6840277777777778 0.23330439814814818 0.07093749999999996 0.05125578703703706