50 0.703125 0.54375 0.0921875 0.05859375
120 0.53359375 0.27578125 0.10625 0.071875
88 0.21875 0.3421875 0.10625 0.075
51 0.35078125 0.31953125 0.1359375 0.08203125
119 0.3796875 0.36640625 0.10546875 0.06875
112 0.20546875 0.45546875 0.03984375 0.03125
112 0.6953125 0.440625 0.03984375 0.034375
44 0.48828125 0.3359375 0.13515625 0.09140625
120 0.14375 0.14609375 0.11328125 0.07421875
112 0.6953125 0.459375 0.04296875 0.03359375
112 0.20234375 0.42734375 0.04375 0.02265625
54 0.68125 0.28984375 0.09453125 0.08203125
14 0.7046875 0.1609375 0.10546875 0.07734375
88 0.309375 0.1640625 0.1015625 0.06640625
119 0.64375 0.3671875 0.10078125 0.06953125
40 0.703125 0.50390625 0.04609375 0.03984375
48 0.70546875 0.38828125 0.05625 0.03515625
112 0.1953125 0.31640625 0.03828125 0.02265625
44 0.12578125 0.275 0.1109375 0.0828125
122 0.44765625 0.21953125 0.0875 0.08671875
40 0.16640625 0.33828125 0.05546875 0.034375
112 0.2046875 0.2859375 0.05078125 0.0265625
112 0.14453125 0.18203125 0.0453125 0.04921875
112 0.57265625 0.33515625 0.0453125 0.0296875