44 0.7922743055555556 0.25785300925925925 0.13837384259259267 0.11374421296296297
14 0.7408217592592592 0.10780092592592591 0.1198032407407407 0.07285300925925924
88 0.5512847222222221 0.18406250000000002 0.1041782407407407 0.07262152777777775
51 0.5094502314814815 0.2612615740740741 0.11069444444444443 0.09068287037037041
119 0.3389988425925926 0.14891782407407408 0.12148148148148152 0.08068865740740741
120 0.13582175925925927 0.09566550925925926 0.13574074074074077 0.09417824074074074
12 0.18351851851851853 0.25593171296296297 0.11813078703703703 0.11813078703703699
112 0.24552662037037037 0.48553240740740744 0.053900462962962956 0.053130787037036956
112 0.24138310185185183 0.4168287037037037 0.051313657407407474 0.03668981481481488
40 0.2495601851851852 0.3885763888888889 0.058368055555555555 0.03835648148148154
112 0.26401041666666664 0.3617939814814815 0.05295717592592588 0.042181712962962956
112 0.2416377314814815 0.4340162037037037 0.049097222222222216 0.04524884259259263
112 0.2917881944444444 0.33793981481481483 0.048993055555555554 0.03821759259259263
88 0.2772395833333333 0.09435185185185184 0.1112789351851852 0.07741319444444446
14 0.2213136574074074 0.3280439814814815 0.10262731481481487 0.07337962962962959
112 0.2806481481481481 0.2716840277777778 0.047384259259259306 0.035069444444444466
119 0.4855150462962963 0.33350694444444445 0.10967013888888885 0.07426504629629634
51 0.37345486111111115 0.25936921296296295 0.1198726851851852 0.07754050925925923
112 0.2999594907407407 0.2565509259259259 0.05209490740740748 0.036701388888888964
44 0.743923611111111 0.3171759259259259 0.12884837962962975 0.10344907407407407
40 0.8114351851851852 0.33805555555555555 0.06230902777777771 0.04075810185185187
12 0.6109722222222222 0.3097685185185185 0.12902199074074083 0.11516782407407407
122 0.47054976851851843 0.16728587962962965 0.08067129629629619 0.06758680555555556