14 0.72890625 0.34099537037037037 0.13067708333333333 0.07688657407407407
119 0.3833333333333333 0.3578414351851852 0.13071180555555556 0.07766782407407416
48 0.2625694444444444 0.5253645833333334 0.04583333333333339 0.047523148148148134
54 0.38852430555555556 0.3163310185185185 0.12437500000000004 0.09318865740740741
44 0.22128472222222223 0.2648668981481482 0.12465277777777777 0.0994386574074074
12 0.6327604166666667 0.25329861111111107 0.113142361111111 0.10395254629629633
120 0.4883506944444445 0.2054050925925926 0.11675347222222214 0.07980324074074074
48 0.39331597222222225 0.6352199074074074 0.06006944444444447 0.05163773148148145
112 0.6920833333333334 0.4095543981481482 0.05727430555555557 0.04144675925925938
112 0.7317534722222222 0.4050578703703704 0.04378472222222207 0.03656249999999996
112 0.6865277777777777 0.3900925925925926 0.05031250000000007 0.042905092592592634
120 0.5844270833333333 0.32671875 0.10786458333333329 0.09060185185185184
112 0.7220486111111111 0.38018518518518524 0.043645833333333425 0.03343749999999997
40 0.2270833333333333 0.5008738425925926 0.05717013888888882 0.039103009259259205
12 0.7717708333333333 0.26765625000000004 0.11833333333333336 0.09778356481481473
48 0.26569444444444446 0.38460069444444445 0.061284722222222233 0.04384837962962962
50 0.6719097222222222 0.3074421296296296 0.08965277777777772 0.04973379629629626