50 0.55703125 0.32734375 0.09453125 0.0625
44 0.35625 0.353125 0.10859375 0.08984375
119 0.3671875 0.30390625 0.1078125 0.078125
48 0.728125 0.42265625 0.053125 0.03984375
44 0.62109375 0.2984375 0.1046875 0.09921875
120 0.39765625 0.23671875 0.1109375 0.071875
12 0.1765625 0.28515625 0.121875 0.1
88 0.484375 0.3640625 0.10234375 0.0640625
112 0.2765625 0.390625 0.0515625 0.0375
54 0.72890625 0.29140625 0.0984375 0.08515625
112 0.22578125 0.40625 0.04140625 0.025
119 0.3328125 0.18671875 0.11484375 0.065625
48 0.68515625 0.39140625 0.053125 0.0390625
48 0.6546875 0.38515625 0.05234375 0.02578125
88 0.52421875 0.22421875 0.10546875 0.059375
112 0.28203125 0.33203125 0.03515625 0.034375
112 0.31328125 0.31953125 0.03984375 0.03203125
120 0.1328125 0.14453125 0.1125 0.078125