6 0.17855902777777777 0.15987847222222223 0.13584490740740743 0.10678819444444443
56 0.7278703703703704 0.1461111111111111 0.14374421296296305 0.09526041666666667
127 0.7119212962962963 0.36258680555555556 0.1561516203703704 0.09397569444444454
117 0.7619675925925926 0.46602430555555563 0.07023726851851855 0.03979166666666671
117 0.7782465277777778 0.4414756944444444 0.05240740740740755 0.041736111111111106
5 0.19173032407407406 0.4115972222222222 0.08104166666666668 0.05095486111111107
56 0.5178703703703704 0.21397569444444448 0.14272569444444444 0.07807291666666671
117 0.8052546296296296 0.3675347222222222 0.04864004629629619 0.04399305555555557
117 0.7739236111111112 0.34326388888888887 0.05984953703703688 0.035659722222222176
117 0.7898032407407408 0.3912847222222222 0.053003472222222216 0.03862847222222232
5 0.2509201388888889 0.4134027777777778 0.083431712962963 0.05178819444444436