44 0.75625 0.29921875 0.12890625 0.10546875
14 0.709375 0.15625 0.1125 0.0671875
88 0.52890625 0.22578125 0.09765625 0.0671875
119 0.32890625 0.1890625 0.1140625 0.07421875
120 0.1375 0.13671875 0.1265625 0.0875
112 0.20859375 0.4578125 0.05 0.02734375
112 0.2546875 0.4640625 0.04609375 0.0359375
88 0.27109375 0.1375 0.1046875 0.071875
14 0.21484375 0.3578125 0.09609375 0.06875
112 0.23359375 0.43984375 0.04453125 0.0328125
119 0.46484375 0.36640625 0.103125 0.06875
51 0.36015625 0.29453125 0.1125 0.071875
112 0.27578125 0.365625 0.0484375 0.03359375
44 0.71015625 0.3546875 0.12109375 0.09609375
40 0.7265625 0.45859375 0.05859375 0.0375
12 0.58359375 0.3453125 0.1203125 0.10703125
54 0.590625 0.27109375 0.11484375 0.084375
50 0.696875 0.421875 0.084375 0.05078125
112 0.16171875 0.35078125 0.0515625 0.02578125
88 0.35234375 0.2390625 0.09765625 0.04765625
48 0.63203125 0.47734375 0.04765625 0.04375
112 0.1625 0.2515625 0.0375 0.0234375
112 0.1390625 0.23046875 0.03203125 0.0296875
48 0.63359375 0.35703125 0.0484375 0.034375