124 0.41156249999999994 0.6582175925925926 0.21161458333333344 0.10925925925925917
48 0.3623263888888889 0.6388136574074075 0.05958333333333332 0.041556712962962906
117 0.24835069444444446 0.5496122685185185 0.054288194444444396 0.04530092592592609
117 0.7185416666666666 0.4730381944444444 0.07328124999999996 0.05132523148148138
117 0.2919965277777778 0.5485648148148148 0.05833333333333339 0.04854166666666657
48 0.32352430555555556 0.6259606481481482 0.05958333333333332 0.041556712962962906
117 0.38894097222222224 0.5178877314814814 0.05685763888888893 0.032893518518518405
117 0.4426909722222222 0.5335243055555556 0.03895833333333343 0.033923611111111106
117 0.5085590277777777 0.5058275462962962 0.06600694444444458 0.045648148148148236
48 0.6607118055555555 0.5938194444444445 0.047968750000000074 0.04355324074074076
67 0.40493055555555557 0.4738888888888889 0.06750000000000007 0.04413194444444439