14 0.7236458333333333 0.11265046296296295 0.11557291666666672 0.07388310185185185
88 0.5416319444444444 0.1932638888888889 0.10074652777777775 0.07389467592592594
112 0.20388888888888887 0.3758101851851852 0.04769097222222225 0.039149305555555534
88 0.2771354166666667 0.11703125 0.1078819444444445 0.07894675925925929
14 0.22508680555555557 0.3442071759259259 0.09920138888888888 0.07459490740740744
118 0.4791840277777778 0.3396354166666667 0.10625 0.0757407407407408
51 0.3705208333333333 0.27174768518518516 0.11567708333333329 0.07857060185185186
112 0.17581597222222223 0.23882523148148146 0.04998263888888892 0.03692708333333332
44 0.7281423611111111 0.3149942129629629 0.12482638888888893 0.10401620370370371
40 0.7490451388888889 0.3757002314814815 0.0602256944444445 0.04135995370370367
12 0.5998090277777778 0.3122627314814815 0.12508680555555554 0.11573495370370371
54 0.60515625 0.23611689814814815 0.11831597222222215 0.09197337962962963
112 0.18468749999999998 0.3564699074074074 0.0529340277777778 0.029276620370370397
88 0.36223958333333334 0.21586226851851853 0.10029513888888894 0.053582175925925936
48 0.686875 0.35858796296296297 0.04942708333333332 0.04704282407407412
112 0.14791666666666664 0.18004629629629632 0.033472222222222216 0.03138888888888891
48 0.6164409722222223 0.2511747685185185 0.05395833333333329 0.0402546296296296
51 0.5051736111111111 0.24208333333333334 0.11423611111111107 0.08395833333333336