111 0.7544675925925926 0.3921875 0.10067708333333343 0.09140625
61 0.48727430555555556 0.2859375 0.3872569444444444 0.178125
96 0.4448784722222222 0.2578125 0.33855324074074067 0.1421875
112 0.27218171296296295 0.3578125 0.06436921296296294 0.04140625
112 0.23495949074074077 0.3953125 0.051846064814814775 0.03828125
112 0.23434606481481485 0.5234375 0.05580439814814815 0.0453125
112 0.23567708333333331 0.4921875 0.04946180555555557 0.0328125
112 0.2786574074074074 0.2828125 0.05730902777777782 0.0375
112 0.2702951388888889 0.41953125 0.06507523148148149 0.03125
112 0.25796874999999997 0.44296875 0.04008680555555557 0.0328125
112 0.2644212962962963 0.4703125 0.04629629629629637 0.02734375
112 0.2887615740740741 0.38125 0.05270254629629623 0.0484375
112 0.23906828703703703 0.3171875 0.03618055555555557 0.0328125