70 0.36640625 0.29291666666666666 0.1430208333333333 0.13338541666666667
127 0.6918402777777779 0.29864583333333333 0.1304513888888888 0.09593749999999997
56 0.5053993055555555 0.17630208333333333 0.13010416666666663 0.08812500000000001
5 0.18600694444444446 0.34177083333333336 0.09604166666666662 0.0578125
5 0.18324652777777778 0.2972916666666666 0.0927777777777778 0.054479166666666676
117 0.7545138888888889 0.2983854166666666 0.058645833333333286 0.057656249999999964
117 0.6779861111111111 0.26901041666666664 0.06109375000000004 0.06015625
117 0.6371180555555556 0.26625 0.04032986111111114 0.04864583333333332
117 0.6070138888888889 0.2588541666666667 0.042465277777777824 0.04411458333333336
127 0.5036284722222222 0.3127604166666667 0.12939236111111113 0.08963541666666668
56 0.2341840277777778 0.31505208333333334 0.1356770833333334 0.09083333333333332