117 0.71984375 0.4171585648148148 0.04848379629629633 0.047800925925925955
67 0.2655381944444445 0.471556712962963 0.0776331018518519 0.05355902777777786
80 0.2288599537037037 0.3680266203703704 0.12606481481481477 0.1153935185185185
117 0.21251736111111114 0.4453414351851852 0.04720486111111111 0.05321180555555553
8 0.3388425925925926 0.2700231481481482 0.07596064814814811 0.03634259259259256
8 0.47968171296296297 0.25384837962962964 0.08019097222222218 0.042737268518518515
8 0.5774594907407408 0.2525752314814815 0.08644097222222218 0.04296875
117 0.2804050925925926 0.44126157407407407 0.06657407407407412 0.05081018518518512
48 0.3400520833333333 0.35373263888888895 0.04265046296296297 0.040567129629629585
117 0.37123263888888886 0.3361400462962963 0.060821759259259256 0.04513888888888893
8 0.4140509259259259 0.31655092592592593 0.056510416666666605 0.03718171296296298
8 0.5352662037037037 0.31440972222222224 0.03784143518518519 0.03804976851851851
48 0.6407812500000001 0.35668402777777775 0.048119212962962975 0.04076967592592595
48 0.6917245370370371 0.35792824074074076 0.06559027777777775 0.046875
117 0.5828414351851852 0.31108217592592596 0.043593749999999966 0.04372106481481488