127 0.4916435185185185 0.16315972222222222 0.15822916666666664 0.10070601851851854
6 0.745769675925926 0.08824652777777778 0.1296180555555555 0.09091435185185186
117 0.21421296296296294 0.3314583333333333 0.05671296296296298 0.03987268518518512
56 0.2010474537037037 0.07755208333333333 0.13015625000000003 0.08623842592592593
117 0.2761747685185185 0.33523148148148146 0.05321180555555553 0.04762731481481488
117 0.2491087962962963 0.29575810185185186 0.06723379629629633 0.047054398148148116
5 0.767037037037037 0.28730324074074076 0.08890624999999996 0.043472222222222176
5 0.7659432870370371 0.26620949074074074 0.09462962962962962 0.03340856481481484
5 0.7653877314814815 0.24041666666666667 0.0777662037037036 0.03940393518518519
70 0.5094733796296296 0.2356076388888889 0.12157986111111115 0.116556712962963
6 0.3571412037037037 0.22300925925925927 0.13043981481481487 0.0917071759259259