51 0.4836516203703704 0.29008680555555555 0.1208912037037038 0.07978009259259267
44 0.3456018518518518 0.348125 0.11982060185185191 0.09304976851851858
118 0.36313657407407407 0.2964467592592593 0.11310763888888893 0.08050347222222225
54 0.515451388888889 0.23283564814814817 0.10766782407407405 0.08124421296296296
48 0.6233506944444445 0.33513310185185186 0.05541087962962976 0.041024305555555605
44 0.6235243055555555 0.2882696759259259 0.11079282407407405 0.10235532407407408
120 0.39693287037037034 0.22746527777777778 0.11678240740740745 0.07428240740740737
12 0.16854745370370372 0.27836226851851853 0.12879050925925925 0.10326967592592595
88 0.4811921296296296 0.35649305555555555 0.10711805555555572 0.06640046296296295
48 0.6977430555555555 0.45642361111111107 0.05714699074074083 0.04572337962962969
112 0.304224537037037 0.30547453703703703 0.053761574074074045 0.038668981481481526
54 0.7339409722222222 0.2804224537037037 0.10399305555555553 0.08746527777777775
112 0.3284143518518518 0.28498842592592594 0.04314236111111107 0.02609374999999998