70 0.32580439814814816 0.31234375000000003 0.14156250000000004 0.1296875
127 0.6564814814814814 0.333125 0.12957175925925918 0.09270833333333339
56 0.47108796296296296 0.19972222222222222 0.1302893518518518 0.08413194444444443
5 0.15834490740740742 0.49031249999999993 0.09570023148148148 0.054461805555555645
5 0.1789872685185185 0.42890625 0.09333333333333331 0.051284722222222176
117 0.6912499999999999 0.49097222222222225 0.05822337962962969 0.05675347222222218
117 0.7183564814814816 0.4583333333333333 0.059797453703703596 0.05835069444444443
117 0.7118865740740741 0.4287847222222222 0.039415509259259095 0.048524305555555536
127 0.4643055555555556 0.33895833333333336 0.128744212962963 0.08644097222222218
56 0.1954224537037037 0.32696180555555554 0.13577546296296292 0.08659722222222221
117 0.26041666666666663 0.45131944444444444 0.06282986111111111 0.04592013888888893
117 0.1620023148148148 0.4566319444444444 0.05346643518518519 0.04727430555555543
56 0.32983217592592595 0.22317708333333336 0.1303182870370371 0.08803819444444443
117 0.2440451388888889 0.35088541666666667 0.06048611111111111 0.04586805555555555
117 0.27435185185185185 0.3283333333333333 0.04720486111111111 0.04557291666666661
117 0.26320023148148153 0.2996701388888889 0.05964699074074069 0.03803819444444443
7 0.3788425925925926 0.19395833333333334 0.0987673611111111 0.04671875000000001