80 0.6792361111111112 0.46414930555555556 0.14611689814814816 0.11154513888888892
117 0.19631944444444444 0.5382233796296296 0.07666666666666666 0.05902777777777786
8 0.5451331018518518 0.27557870370370374 0.08631365740740726 0.04221643518518512
8 0.3958159722222222 0.3107638888888889 0.05648726851851853 0.03642939814814818
8 0.5524074074074073 0.31979166666666664 0.06416087962962962 0.03203125
67 0.24633680555555557 0.2460648148148148 0.06370370370370378 0.04293981481481488
117 0.5022569444444445 0.16869212962962962 0.05582175925925927 0.040306712962962975
117 0.30655671296296294 0.16267361111111112 0.07101273148148142 0.05257523148148149
48 0.32185185185185183 0.19956597222222222 0.049710648148148094 0.04476273148148149
117 0.36167824074074073 0.17233796296296297 0.054328703703703685 0.04259259259259256
117 0.3805497685185185 0.1412037037037037 0.05044560185185185 0.04322916666666665
117 0.4286458333333334 0.12459490740740739 0.05046874999999993 0.0440104166666667
8 0.382494212962963 0.28628472222222223 0.059519675925925955 0.03342013888888893
8 0.4212847222222222 0.2676793981481481 0.07976273148148146 0.03182870370370372