15 0.19703125 0.45795717592592594 0.07140624999999998 0.06576967592592595
13 0.23979166666666668 0.4127314814814815 0.13505208333333335 0.09696180555555553
105 0.1620833333333333 0.4444444444444445 0.05890624999999998 0.04192708333333321
110 0.23864583333333336 0.5818865740740741 0.058385416666666676 0.045804398148148094
110 0.1482291666666667 0.5119791666666667 0.06218750000000002 0.056076388888888926
46 0.5927604166666667 0.4721354166666667 0.15687499999999996 0.10868055555555553
83 0.5563541666666667 0.4804976851851852 0.051406249999999966 0.04632523148148149
105 0.22880208333333335 0.4723668981481481 0.06208333333333336 0.04282407407407405
83 0.4460416666666667 0.48692129629629627 0.05572916666666679 0.04103009259259256
83 0.44718750000000007 0.4463541666666666 0.05890625000000007 0.04192708333333321
83 0.49921875 0.4491030092592593 0.046510416666666644 0.043026620370370416