50 0.7125983796296296 0.5695023148148148 0.09925347222222225 0.062361111111111
120 0.5314467592592592 0.282662037037037 0.11400462962962976 0.0758506944444445
88 0.20844907407407404 0.3465740740740741 0.11498842592592595 0.07976851851851859
51 0.3439525462962963 0.32516203703703705 0.1458217592592593 0.08725115740740738
119 0.3769328703703704 0.3740509259259259 0.1130613425925926 0.07271412037037032
112 0.23739583333333333 0.5585590277777778 0.04232638888888891 0.03341435185185197
44 0.4878125000000001 0.34446759259259263 0.14474537037037044 0.09660300925925931
120 0.12053240740740741 0.14152199074074073 0.12197916666666667 0.0790914351851852
112 0.20739583333333336 0.537037037037037 0.04656828703703706 0.0248900462962963
14 0.7033738425925926 0.16576967592592592 0.11432870370370374 0.08210069444444446
88 0.29337962962962966 0.16281828703703705 0.10903356481481481 0.0703125
119 0.6504108796296297 0.3788831018518518 0.108454861111111 0.07420717592592592
40 0.6680208333333333 0.4173958333333333 0.04980324074074076 0.04211226851851855
48 0.7152199074074075 0.5297280092592592 0.05967592592592581 0.036793981481481455
112 0.19289930555555554 0.40801504629629637 0.04109953703703706 0.024809027777777715
44 0.10796875000000002 0.2756076388888889 0.11929976851851856 0.0876388888888889
40 0.2308101851851852 0.4616608796296296 0.0596354166666667 0.03601273148148145
112 0.16421875 0.3818287037037037 0.053761574074074045 0.028119212962962957
112 0.18368055555555557 0.26033564814814814 0.04931712962962962 0.03273726851851855
112 0.7001331018518518 0.41943287037037036 0.04849537037037042 0.03194444444444446
112 0.7055092592592592 0.4327835648148149 0.036655092592592455 0.029427083333333215
51 0.3994791666666667 0.46259837962962963 0.1233680555555555 0.09082175925925924
48 0.7218287037037037 0.3861863425925926 0.058234953703703594 0.039114583333333286
48 0.6730613425925925 0.33394097222222224 0.047094907407407405 0.0350462962962963
48 0.7331770833333333 0.33405092592592595 0.05884259259259252 0.050833333333333286
54 0.3238078703703704 0.47865162037037035 0.1210243055555555 0.09078703703703717
120 0.1733912037037037 0.48344907407407406 0.12650462962962958 0.07603587962962965