15 0.20530092592592591 0.5897164351851851 0.0778240740740741 0.0739293981481481
13 0.21469907407407404 0.5142592592592592 0.14667245370370363 0.10994212962962954
105 0.17238425925925926 0.5595543981481482 0.06480902777777775 0.04823495370370381
110 0.3167476851851852 0.7224884259259259 0.07734953703703704 0.04975694444444443
46 0.649681712962963 0.634074074074074 0.17071759259259256 0.12304976851851848
83 0.506267361111111 0.6341956018518518 0.046221064814814736 0.050248842592592526
83 0.5490046296296296 0.6563194444444445 0.055636574074074116 0.051585648148148165
104 0.23364583333333333 0.6627083333333333 0.12138310185185182 0.05781828703703695
110 0.22400462962962964 0.6370601851851851 0.07385995370370368 0.04254050925925927
105 0.25925925925925924 0.6070196759259259 0.06719328703703704 0.04915509259259263
83 0.4766030092592592 0.6622164351851852 0.060862268518518545 0.047222222222222145
83 0.41639467592592594 0.644542824074074 0.06476851851851854 0.04745370370370381
83 0.5276388888888889 0.6754282407407407 0.05000578703703695 0.04813657407407419
110 0.1581886574074074 0.6519675925925925 0.09041666666666667 0.06143518518518505
21 0.47174189814814815 0.5443807870370371 0.13011574074074073 0.0910474537037036
103 0.36496527777777776 0.5482407407407408 0.07957754629629629 0.09272569444444442