111 0.7030555555555555 0.4326736111111111 0.10057291666666668 0.09361111111111117
43 0.44359374999999995 0.36833333333333335 0.2666377314814815 0.12697916666666664
96 0.4077199074074073 0.31911458333333337 0.33725115740740746 0.14885416666666665
112 0.22364004629629627 0.38765625000000004 0.06389467592592588 0.04281249999999996
112 0.22681712962962966 0.44395833333333334 0.07019097222222222 0.046076388888888785
112 0.2164699074074074 0.5889930555555555 0.055347222222222214 0.04574652777777786
112 0.23052662037037036 0.5361979166666666 0.049704861111111144 0.03390625000000007
112 0.2576793981481481 0.3657638888888889 0.056805555555555554 0.03874999999999993
112 0.22880787037037037 0.4728993055555556 0.06452546296296298 0.032673611111111
112 0.19075810185185185 0.48767361111111107 0.0395486111111111 0.03368055555555571
112 0.1982986111111111 0.5222048611111111 0.0457175925925926 0.02835069444444436
112 0.27166666666666667 0.4137152777777778 0.05226851851851855 0.04880208333333336
112 0.2962847222222222 0.38848958333333333 0.035642361111111145 0.03359375
112 0.1913946759259259 0.3197743055555556 0.0522337962962963 0.04645833333333336
112 0.25418981481481484 0.28836805555555556 0.03165509259259256 0.028038194444444463