127 0.434375 0.21875 0.1375 0.0890625
56 0.17734375 0.13828125 0.11328125 0.0765625
70 0.446875 0.284375 0.10390625 0.103125
6 0.31015625 0.27109375 0.11328125 0.08046875
56 0.5796875 0.2625 0.12890625 0.08671875
117 0.746875 0.46796875 0.05546875 0.0453125
117 0.68046875 0.46171875 0.04765625 0.04765625
117 0.63203125 0.45625 0.05 0.04375
117 0.63359375 0.3765625 0.0421875 0.04140625
5 0.68828125 0.36796875 0.065625 0.0375
117 0.65625 0.3453125 0.04453125 0.03359375
5 0.67265625 0.3234375 0.07265625 0.04140625
6 0.403125 0.35078125 0.121875 0.075
5 0.24375 0.50390625 0.06875 0.046875
5 0.24140625 0.44140625 0.06484375 0.02578125
5 0.24609375 0.415625 0.07109375 0.03828125
117 0.68515625 0.40078125 0.06171875 0.03046875
117 0.190625 0.30234375 0.0421875 0.03671875
117 0.1828125 0.27421875 0.0453125 0.0375
117 0.1640625 0.2484375 0.0421875 0.03671875
5 0.25859375 0.3453125 0.0859375 0.04140625
5 0.265625 0.32421875 0.06015625 0.0296875
5 0.30625 0.31015625 0.0609375 0.05078125