50 0.7141203703703705 0.5756944444444445 0.09435763888888893 0.062008101851851904
120 0.5438078703703704 0.2955439814814815 0.10891203703703703 0.0758101851851852
88 0.23142361111111112 0.35028935185185184 0.10902777777777777 0.0789351851851852
51 0.36261574074074077 0.33252314814814815 0.13897569444444446 0.08706597222222223
119 0.39325810185185184 0.38046875 0.10801504629629628 0.07265625
112 0.22398726851851852 0.5076099537037038 0.04100115740740744 0.03272569444444447
112 0.7164930555555555 0.5344328703703705 0.0411168981481481 0.03585069444444429
44 0.5007233796296295 0.35402199074074076 0.13854166666666679 0.09641203703703702
120 0.14916087962962962 0.15141782407407406 0.11603009259259256 0.07841435185185186
112 0.7212094907407407 0.5143229166666666 0.044212962962962975 0.03518518518518512
112 0.22491319444444446 0.49048032407407405 0.04458912037037042 0.02427662037037024
54 0.6919849537037037 0.3150752314814815 0.09756944444444446 0.08553240740740745
14 0.7106481481481481 0.18703703703703703 0.10833333333333321 0.08125
88 0.3154513888888889 0.17552083333333335 0.10402199074074074 0.07016782407407404
119 0.657349537037037 0.3910300925925926 0.1033564814814815 0.07326388888888893
40 0.5737268518518519 0.40821759259259255 0.04756944444444429 0.04155092592592595
48 0.7223958333333333 0.48315972222222225 0.05755208333333321 0.037239583333333395
112 0.18671875 0.3650173611111111 0.039120370370370416 0.024074074074074046
44 0.1359664351851852 0.27965856481481477 0.11400462962962962 0.08692129629629637
40 0.2146412037037037 0.40271990740740743 0.0567418981481481 0.03642939814814809
112 0.17589699074074075 0.3466724537037037 0.05176504629629628 0.028443287037037024
112 0.15066550925925926 0.2341724537037037 0.04644097222222223 0.03214699074074075
112 0.6760995370370371 0.3706597222222222 0.04641203703703702 0.03136574074074074
112 0.7017939814814815 0.3903356481481482 0.03460648148148149 0.028587962962962975
112 0.6929976851851852 0.3424189814814815 0.05914351851851851 0.03807870370370372
51 0.413599537037037 0.46626157407407404 0.11724537037037042 0.09016203703703703