70 0.34921875 0.32421875 0.134375 0.12109375
56 0.4890625 0.21875 0.12421875 0.07734375
5 0.1875 0.521875 0.09140625 0.05078125
5 0.23984375 0.4609375 0.0890625 0.04765625
117 0.65625 0.5328125 0.05546875 0.053125
117 0.6984375 0.52734375 0.05703125 0.0546875
117 0.71640625 0.48671875 0.0375 0.0453125
127 0.48203125 0.35234375 0.12265625 0.0796875
56 0.22421875 0.334375 0.12890625 0.08046875
117 0.24609375 0.41875 0.06015625 0.04296875
117 0.1921875 0.4578125 0.05078125 0.04375
56 0.35390625 0.23828125 0.12421875 0.08125
117 0.25546875 0.38828125 0.05703125 0.04296875
117 0.2640625 0.3703125 0.0453125 0.04296875
5 0.38984375 0.2859375 0.08359375 0.0453125