84 0.36328125 0.6390625 0.08125 0.04609375
42 0.35859375 0.47265625 0.1375 0.08515625
129 0.315625 0.58046875 0.0578125 0.04609375
129 0.31953125 0.56171875 0.05546875 0.04609375
129 0.271875 0.546875 0.06328125 0.03984375
2 0.4125 0.5125 0.10625 0.05234375
130 0.2484375 0.50703125 0.0796875 0.05
69 0.5734375 0.49140625 0.08203125 0.08125
8 0.4890625 0.60546875 0.04765625 0.0328125
8 0.53671875 0.59609375 0.05078125 0.0390625
8 0.5546875 0.52109375 0.0484375 0.028125
8 0.63046875 0.5203125 0.05078125 0.02421875
91 0.6984375 0.4765625 0.0796875 0.0671875
84 0.23515625 0.49375 0.08125 0.03359375
42 0.496875 0.47421875 0.096875 0.07578125
17 0.66171875 0.59609375 0.10234375 0.08359375
69 0.53515625 0.34296875 0.11015625 0.08046875