14 0.7214467592592593 0.39913194444444444 0.13160300925925927 0.0862268518518519
119 0.3681481481481481 0.38469328703703703 0.13161458333333337 0.0870081018518519
48 0.22529513888888886 0.471875 0.045237268518518545 0.05095486111111107
48 0.3356944444444444 0.3580439814814815 0.059253472222222214 0.04887152777777777
54 0.3750231481481482 0.34296875 0.12403356481481484 0.1020543981481481
44 0.20864583333333334 0.27589699074074076 0.12413773148148151 0.10908564814814818
88 0.35051504629629626 0.25512152777777775 0.11598958333333335 0.08585069444444446
12 0.6282581018518518 0.30150462962962965 0.11248842592592592 0.11290509259259256
120 0.4844791666666667 0.2400173611111111 0.11681712962962969 0.0890335648148148
48 0.2660532407407407 0.6242766203703705 0.06015046296296296 0.0567418981481481
112 0.6216724537037037 0.4292824074074074 0.05686342592592588 0.04557291666666678
112 0.590642361111111 0.41212384259259255 0.04351273148148138 0.039901620370370414
112 0.6656539351851852 0.4168981481481481 0.05063657407407405 0.046672453703703806
120 0.5748148148148149 0.3718460648148148 0.1075925925925926 0.09849537037037041
112 0.6472048611111111 0.39519675925925923 0.043466435185185226 0.03677662037037042
40 0.20302083333333334 0.44441550925925927 0.05682870370370372 0.04322916666666661
12 0.7694097222222223 0.3291666666666667 0.11786458333333343 0.10706018518518512