44 0.75625 0.29921875 0.12890625 0.10546875
14 0.709375 0.15625 0.1125 0.0671875
88 0.52890625 0.22578125 0.09765625 0.0671875
119 0.32890625 0.1890625 0.1140625 0.07421875
120 0.1375 0.13671875 0.1265625 0.0875
112 0.2859375 0.37109375 0.05 0.04921875
112 0.240625 0.4640625 0.04765625 0.03359375
112 0.24296875 0.40390625 0.04921875 0.0390625
112 0.23203125 0.4921875 0.04609375 0.0421875
112 0.27265625 0.3875 0.04609375 0.0359375
88 0.27109375 0.1375 0.1046875 0.071875
14 0.21484375 0.3578125 0.09609375 0.06875
112 0.2984375 0.3515625 0.04453125 0.0328125
119 0.46484375 0.36640625 0.103125 0.06875
51 0.36015625 0.29453125 0.1125 0.071875
112 0.26796875 0.31796875 0.0484375 0.03359375
44 0.71015625 0.3546875 0.12109375 0.09609375
40 0.7015625 0.39921875 0.05859375 0.0375
12 0.58359375 0.3453125 0.1203125 0.10703125
54 0.590625 0.27109375 0.11484375 0.084375
112 0.2859375 0.296875 0.046875 0.04296875
50 0.5140625 0.30234375 0.06015625 0.05
40 0.72890625 0.4921875 0.065625 0.0578125
112 0.1515625 0.23828125 0.0515625 0.02578125
112 0.13203125 0.215625 0.03984375 0.03359375