44 0.771875 0.3361168981481481 0.13203125 0.11465856481481485
14 0.725 0.1875925925925926 0.11484375 0.0747048611111111
88 0.53984375 0.24908564814814813 0.1 0.07393518518518523
119 0.33515625 0.20097222222222225 0.11640625 0.08181712962962964
120 0.1390625 0.13689814814814816 0.1296875 0.09578703703703706
112 0.29140625 0.38385995370370374 0.0515625 0.053454861111111106
112 0.24453125 0.4767418981481481 0.04921875 0.03692708333333332
112 0.246875 0.4159259259259259 0.05078125 0.042476851851851904
112 0.2359375 0.5052025462962962 0.046875 0.04618055555555571
112 0.27734375 0.40031828703703703 0.046875 0.039149305555555534
88 0.27578125 0.14476851851851852 0.10703125 0.07898726851851849
14 0.21875 0.3668113425925926 0.0984375 0.07463541666666673
112 0.30390625 0.36575810185185187 0.0453125 0.035943287037037044
119 0.47421875 0.3886516203703704 0.10546875 0.07578125
51 0.3671875 0.3104456018518518 0.11484375 0.07939236111111114
112 0.27265625 0.32976273148148144 0.05 0.036967592592592524
44 0.725 0.38993634259259263 0.1234375 0.104837962962963
40 0.71640625 0.4348032407407407 0.06015625 0.04140046296296305
12 0.59609375 0.3738773148148148 0.1234375 0.1157754629629629
54 0.603125 0.29846064814814816 0.1171875 0.09201388888888892
112 0.29140625 0.3088599537037037 0.0484375 0.04626157407407412
50 0.52421875 0.326400462962963 0.06171875 0.054762731481481454
40 0.74453125 0.5315740740740742 0.0671875 0.0628587962962964
112 0.153125 0.24153356481481483 0.05234375 0.02927662037037031
112 0.13359375 0.21786458333333333 0.04140625 0.03574074074074076