15 0.24818287037037035 0.5342708333333334 0.07147569444444439 0.07026041666666671
13 0.25154513888888885 0.46354166666666663 0.1364178240740741 0.10421875000000007
105 0.21458333333333335 0.5055208333333334 0.059820601851851854 0.0453125
110 0.3634201388888889 0.6604687499999999 0.07158564814814809 0.04765625
46 0.6690046296296297 0.5794791666666667 0.15942129629629634 0.11744791666666679
83 0.5341030092592592 0.5790625 0.042748842592592595 0.048072916666666646
83 0.5760648148148148 0.6005729166666667 0.05136574074074076 0.04942708333333332
104 0.27988425925925925 0.60421875 0.11315393518518527 0.055885416666666646
110 0.2690104166666667 0.5793229166666667 0.06903356481481478 0.04046874999999996
105 0.2993576388888889 0.5509375000000001 0.06296874999999993 0.04630208333333332
83 0.5083738425925926 0.6054166666666666 0.05667245370370377 0.04432291666666668
83 0.45094907407407414 0.5883333333333333 0.059820601851851764 0.0453125
83 0.5570659722222222 0.6172395833333333 0.0465856481481481 0.04598958333333343
110 0.2086053240740741 0.5932291666666666 0.08438657407407409 0.058645833333333286
21 0.4949305555555556 0.4938020833333333 0.12108796296296305 0.08682291666666657
103 0.3944270833333333 0.49645833333333333 0.0735474537037037 0.08755208333333328