84 0.3901041666666667 0.6717708333333333 0.0877604166666666 0.05176504629629637
42 0.37890625 0.4958506944444444 0.14942129629629636 0.0941724537037036
129 0.33871527777777777 0.61171875 0.06351273148148148 0.050266203703703737
129 0.37569444444444444 0.5987673611111111 0.06116898148148149 0.05019675925925924
129 0.3358217592592593 0.5546643518518518 0.06875 0.044178240740740726
2 0.4375 0.5397280092592592 0.11455439814814809 0.058802083333333324
130 0.26157407407407407 0.5727546296296296 0.08631365740740744 0.05484375000000004
69 0.6069444444444445 0.5213368055555556 0.09071180555555554 0.08931134259259252
8 0.572019675925926 0.6318981481481482 0.05546875 0.04378472222222225
8 0.5052083333333333 0.5979224537037038 0.05266203703703702 0.03121527777777793
8 0.6377893518518519 0.6166782407407407 0.05486111111111107 0.02737847222222207
91 0.7455150462962964 0.5543171296296296 0.0870081018518519 0.07359375000000004
84 0.24464699074074076 0.5582060185185185 0.08726851851851851 0.03848379629629619
17 0.5289351851851851 0.5432175925925925 0.10503472222222214 0.07568865740740734
42 0.5250578703703704 0.5017418981481482 0.10532407407407404 0.08350115740740734
17 0.6373842592592592 0.6689525462962964 0.11186342592592595 0.09149884259259267
69 0.5554398148148149 0.3949479166666667 0.12034143518518511 0.08862847222222223
129 0.27557870370370374 0.5083969907407407 0.08715277777777777 0.05642939814814803