80 0.69375 0.53125 0.13671875 0.1015625
8 0.6328125 0.49140625 0.08125 0.0375
8 0.46328125 0.4796875 0.053125 0.0328125
8 0.625 0.459375 0.0609375 0.028125
67 0.24609375 0.41484375 0.06015625 0.0390625
117 0.6765625 0.32734375 0.05234375 0.03671875
117 0.24609375 0.26328125 0.06640625 0.04765625
48 0.278125 0.33359375 0.05234375 0.034375
48 0.2328125 0.3421875 0.046875 0.04140625
124 0.49375 0.21953125 0.21328125 0.0890625
117 0.265625 0.2875 0.05078125 0.0390625
117 0.29609375 0.26015625 0.046875 0.03984375
117 0.271875 0.3578125 0.046875 0.040625
8 0.40546875 0.46171875 0.05546875 0.0296875
8 0.43515625 0.44921875 0.07578125 0.02734375
117 0.703125 0.4546875 0.0703125 0.0546875
8 0.66875 0.253125 0.06015625 0.0328125
8 0.6765625 0.2203125 0.06171875 0.0328125
8 0.56015625 0.22421875 0.0671875 0.028125
8 0.61015625 0.20234375 0.0734375 0.0234375
8 0.5859375 0.2546875 0.0546875 0.03046875