60 0.278125 0.4640625 0.14212962962962958 0.08359375
55 0.2536747685185185 0.39765625 0.14826388888888892 0.08203125
22 0.2817997685185185 0.31328125 0.1681712962962963 0.09765625
109 0.2921585648148148 0.284375 0.16255787037037042 0.0640625
111 0.703761574074074 0.30390625 0.10005787037037024 0.08515625
111 0.7061921296296296 0.33671875 0.06967592592592595 0.07578125
111 0.2187210648148148 0.3265625 0.0690104166666666 0.07734375
111 0.21215277777777777 0.290625 0.08923611111111107 0.08671875
116 0.31762152777777775 0.20625 0.11675347222222224 0.0890625
90 0.23969907407407404 0.15625 0.06287615740740744 0.0578125
90 0.30257523148148147 0.15078125 0.06137152777777777 0.05859375