51 0.5039293981481482 0.30986111111111114 0.1266724537037037 0.08465277777777783
44 0.3673842592592592 0.37050347222222224 0.11925347222222218 0.09781828703703707
118 0.37752893518518515 0.3172048611111111 0.11812500000000004 0.08608796296296291
48 0.7646527777777777 0.3779050925925926 0.0583043981481481 0.04381365740740737
44 0.65 0.30691550925925926 0.11567129629629633 0.10869791666666666
120 0.40821180555555553 0.24484374999999997 0.12182291666666671 0.07911458333333332
12 0.17145833333333332 0.2999363425925926 0.1344212962962963 0.1089756944444444
88 0.5059895833333333 0.3793923611111111 0.11219328703703706 0.07038194444444441
48 0.7179224537037037 0.4098611111111111 0.059224537037037096 0.048512731481481455
112 0.26343171296296297 0.37048032407407405 0.055891203703703686 0.04143518518518521
54 0.7661747685185185 0.29737847222222225 0.10895833333333335 0.09298032407407408
112 0.28033564814814815 0.33427662037037037 0.04534143518518512 0.028003472222222214
118 0.3370833333333333 0.1919675925925926 0.12632523148148148 0.07293402777777773
48 0.5807407407407407 0.29074652777777776 0.05903935185185176 0.04226273148148145
48 0.5068344907407407 0.24963541666666664 0.05570601851851862 0.03518518518518512
48 0.5631076388888889 0.24958333333333335 0.057083333333333285 0.028958333333333287