14 0.717193287037037 0.39839120370370373 0.13686342592592596 0.08206018518518521
119 0.35564814814814816 0.3994155092592593 0.13690393518518523 0.0828414351851852
48 0.3488888888888889 0.3788715277777778 0.04786458333333332 0.050561342592592595
54 0.36490740740740735 0.3566550925925926 0.12994212962962964 0.09901620370370372
44 0.19673032407407406 0.29533564814814817 0.13108796296296296 0.1060706018518518
12 0.6251388888888888 0.30255208333333333 0.1188310185185184 0.11038773148148148
120 0.48015624999999995 0.2466145833333333 0.12222222222222215 0.08552662037037032
48 0.24181134259259257 0.6331249999999999 0.06291087962962968 0.054907407407407405
112 0.6682696759259259 0.5119618055555556 0.05999999999999996 0.043900462962962905
112 0.7204918981481482 0.5158564814814814 0.04569444444444457 0.03879629629629626
112 0.6897569444444445 0.48990740740740735 0.053049768518518545 0.04525462962962976
120 0.5672627314814814 0.3775173611111111 0.11341435185185186 0.09618634259259258
112 0.658130787037037 0.3755150462962963 0.0455324074074074 0.035671296296296263
40 0.24321759259259262 0.5909143518518519 0.05987847222222218 0.041556712962962906
12 0.7687789351851851 0.3240219907407408 0.12397569444444442 0.10429976851851848
48 0.20798032407407407 0.48580439814814813 0.06402777777777775 0.046359953703703737
50 0.658449074074074 0.41464699074074074 0.0940393518518519 0.053489583333333354
112 0.49001157407407414 0.28289930555555554 0.05861111111111121 0.03215856481481474
40 0.18978587962962962 0.35381365740740744 0.06008101851851855 0.045462962962962906