50 0.69375 0.55 0.0921875 0.05859375
120 0.53359375 0.27578125 0.10625 0.071875
88 0.21875 0.3421875 0.10625 0.075
51 0.35078125 0.31953125 0.1359375 0.08203125
119 0.3796875 0.36640625 0.10546875 0.06875
112 0.20546875 0.5 0.03984375 0.03125
112 0.69765625 0.50859375 0.03984375 0.034375
44 0.48828125 0.3359375 0.13515625 0.09140625
120 0.14375 0.14609375 0.11328125 0.07421875
112 0.703125 0.48828125 0.04296875 0.03359375
112 0.20703125 0.4828125 0.04375 0.02265625
54 0.68125 0.28984375 0.09453125 0.08203125
14 0.7046875 0.1609375 0.10546875 0.07734375
88 0.309375 0.1640625 0.1015625 0.06640625
119 0.64375 0.3671875 0.10078125 0.06953125
40 0.559375 0.3875 0.04609375 0.03984375
48 0.70546875 0.45703125 0.05625 0.03515625
112 0.1734375 0.35859375 0.03828125 0.02265625
44 0.12578125 0.275 0.1109375 0.0828125
40 0.2 0.3953125 0.05546875 0.034375
112 0.16328125 0.340625 0.05078125 0.0265625
112 0.1421875 0.22890625 0.0453125 0.03046875
112 0.66328125 0.34609375 0.0453125 0.0296875
112 0.68828125 0.36484375 0.03359375 0.02734375
112 0.68125 0.3171875 0.0578125 0.0359375
51 0.396875 0.4515625 0.1140625 0.0859375