117 0.20868055555555554 0.5943518518518518 0.05454282407407405 0.038674768518518476
117 0.23747106481481478 0.5703530092592592 0.053616898148148094 0.034762731481481526
117 0.3033564814814815 0.5567824074074075 0.0629918981481481 0.03483217592592602
80 0.6185474537037037 0.6528414351851852 0.13634259259259257 0.11738425925925924
8 0.5841724537037037 0.6525868055555556 0.043489583333333394 0.03546875000000007
8 0.5595775462962963 0.6211631944444445 0.05509259259259256 0.03243055555555543
8 0.5574074074074075 0.5836574074074073 0.05746527777777786 0.03322916666666664
8 0.531886574074074 0.6115856481481481 0.07306134259259274 0.03256365740740748
48 0.2440104166666667 0.4305960648148148 0.06637731481481488 0.041886574074074014
117 0.2662326388888889 0.5244849537037037 0.06629050925925925 0.03954282407407419
117 0.2563078703703704 0.3830439814814815 0.054427083333333307 0.035549768518518474
117 0.6903356481481481 0.3557986111111111 0.06831597222222215 0.05205439814814818
117 0.7188657407407407 0.4723842592592593 0.05992476851851851 0.03637152777777786