70 0.37041666666666667 0.3245254629629629 0.1473958333333334 0.12706018518518522
70 0.49828124999999995 0.26006944444444446 0.11541666666666668 0.10395254629629633
56 0.49640625000000005 0.2084837962962963 0.13348958333333344 0.08236689814814815
5 0.21296875 0.5552083333333334 0.09802083333333336 0.053744212962962834
5 0.2552083333333333 0.496712962962963 0.09546875000000003 0.05058449074074076
117 0.6991145833333333 0.5745949074074075 0.060677083333333395 0.055532407407407544
117 0.7391145833333332 0.5528877314814815 0.06312500000000014 0.05712962962962962
117 0.7159375 0.5336805555555555 0.04140625 0.04744212962962955
127 0.49776041666666665 0.34609953703703705 0.1328125 0.08391782407407407
56 0.23015625 0.33207754629629627 0.1391145833333333 0.08479166666666664
117 0.25046875 0.4608101851851852 0.06546874999999996 0.04545717592592595
117 0.19640624999999998 0.47099537037037037 0.05536458333333334 0.046087962962963046
56 0.35786458333333326 0.23008680555555555 0.13375000000000004 0.08627314814814815
117 0.24145833333333339 0.43122685185185183 0.06234374999999996 0.04541087962962962