112 0.7281539351851852 0.47406249999999994 0.04959490740740744 0.03949652777777786
14 0.2518229166666667 0.36494212962962963 0.10280671296296298 0.07531828703703702
50 0.2718171296296296 0.5613599537037037 0.1033854166666667 0.06212962962962969
112 0.6828414351851853 0.36637152777777776 0.05431134259259256 0.029664351851851834
88 0.37042824074074077 0.25451967592592595 0.10280671296296298 0.054317129629629604
12 0.6564525462962962 0.3041377314814815 0.13365162037037043 0.11370370370370368
51 0.5170138888888889 0.3013194444444444 0.11828703703703702 0.08479166666666664
120 0.5100405092592593 0.23868055555555556 0.1221643518518519 0.07413194444444446
44 0.24525462962962963 0.2867708333333333 0.12719907407407405 0.10009837962962961
119 0.40251736111111114 0.38320601851851854 0.10219907407407405 0.07761574074074078
14 0.741724537037037 0.3947511574074074 0.11449652777777786 0.08612268518518515
112 0.7344907407407407 0.5071064814814814 0.04227430555555554 0.03517361111111121
54 0.40043402777777776 0.33407986111111115 0.11168981481481488 0.07973379629629633
88 0.37916666666666665 0.33048611111111115 0.11278935185185182 0.07357638888888882
40 0.22170138888888888 0.4098263888888889 0.04513888888888893 0.042343750000000034
48 0.33480902777777777 0.372193287037037 0.05089699074074074 0.04657407407407401