127 0.41534722222222226 0.19067708333333333 0.1526736111111111 0.10300925925925926
56 0.13493055555555555 0.08961805555555555 0.12552083333333336 0.08835069444444446
70 0.43253472222222217 0.26171875 0.11664930555555557 0.11673032407407406
6 0.2850347222222222 0.24004050925925924 0.12572916666666673 0.0930381944444445
56 0.5736458333333333 0.24487268518518518 0.1432291666666666 0.10096064814814812
117 0.7631597222222222 0.47528356481481476 0.061527777777777716 0.05151620370370367
117 0.6917534722222223 0.4645659722222222 0.05307291666666671 0.054195601851851904
117 0.6391319444444445 0.45560185185185187 0.05598958333333322 0.049670138888888896
117 0.6369444444444444 0.3713078703703704 0.04729166666666664 0.04688078703703704
5 0.6958680555555555 0.3642303240740741 0.07289930555555557 0.0443113425925926
117 0.6604166666666667 0.3382291666666667 0.0492881944444445 0.03918981481481483
5 0.6765625 0.31568287037037035 0.08006944444444439 0.047800925925925955
6 0.38803819444444443 0.33034143518518516 0.1348263888888889 0.08727430555555556
5 0.22427083333333334 0.48631365740740745 0.07644097222222221 0.05384837962962976
5 0.21890625 0.41822337962962963 0.07156250000000001 0.031770833333333214
5 0.22237847222222223 0.3911226851851852 0.07840277777777774 0.04537615740740737
117 0.6943055555555555 0.39922453703703703 0.06786458333333326 0.036255787037037024
117 0.15680555555555556 0.26612847222222225 0.04704861111111112 0.04141203703703704
117 0.14763888888888888 0.23525462962962962 0.05024305555555557 0.04313657407407412
117 0.12611111111111112 0.2068576388888889 0.047829861111111115 0.041452546296296335
5 0.23307291666666669 0.3160706018518519 0.09494791666666665 0.04935185185185187
5 0.23913194444444447 0.29456018518518523 0.06626736111111109 0.03539351851851844
5 0.28218750000000004 0.2812037037037037 0.06802083333333328 0.05730902777777782