127 0.4256944444444445 0.2421875 0.14317129629629619 0.09916666666666671
117 0.2705729166666667 0.56078125 0.051302083333333394 0.03848958333333332
56 0.1677662037037037 0.14354166666666668 0.1177083333333333 0.08499999999999996
117 0.17178819444444446 0.5424479166666666 0.0609375 0.04614583333333329
5 0.6554398148148148 0.6365624999999999 0.08032407407407405 0.04354166666666668
102 0.5578993055555556 0.5211979166666667 0.3013020833333332 0.1603645833333333
5 0.6548611111111111 0.6098958333333333 0.08547453703703703 0.03531250000000004
70 0.43651620370370364 0.30947916666666664 0.10934606481481488 0.11171875
6 0.29794560185185187 0.28692708333333333 0.11785300925925926 0.08890624999999996
5 0.23544560185185187 0.5788020833333334 0.07485532407407405 0.043177083333333324
5 0.22421875 0.5647395833333333 0.08721064814814819 0.04010416666666661
56 0.5717013888888889 0.2965625 0.13451967592592595 0.09703125000000004
117 0.702662037037037 0.4611458333333333 0.057957175925925954 0.049843749999999964
117 0.6560185185185186 0.45177083333333334 0.05023148148148149 0.05166666666666657
117 0.2459201388888889 0.52859375 0.06151620370370372 0.04072916666666657
117 0.2143229166666667 0.5147395833333334 0.060677083333333395 0.039114583333333286
102 0.47086226851851853 0.60859375 0.29036458333333337 0.1596354166666666
117 0.6468460648148148 0.42453124999999997 0.052430555555555536 0.04791666666666661
7 0.3379918981481481 0.5590104166666666 0.12285879629629629 0.05572916666666679
5 0.6499131944444445 0.27828125 0.06782407407407405 0.042708333333333307
5 0.6381365740740741 0.23677083333333332 0.07497106481481489 0.04630208333333332