51 0.48545138888888884 0.2793055555555556 0.13156250000000008 0.08624999999999998
44 0.34130787037037036 0.3365972222222222 0.12458333333333335 0.10019675925925924
118 0.35695601851851855 0.2836574074074074 0.12306134259259256 0.08768518518518516
48 0.7419155092592593 0.42463541666666665 0.060405092592592524 0.044606481481481455
44 0.6347164351851852 0.2807349537037037 0.12049768518518515 0.11028356481481483
120 0.3941203703703704 0.2107060185185185 0.12655092592592593 0.08071180555555557
12 0.14883101851851852 0.25946180555555554 0.1400752314814815 0.11135416666666664
88 0.4812384259259259 0.35039930555555554 0.1158854166666666 0.07196759259259258
48 0.6976041666666667 0.4466550925925926 0.06146412037037052 0.04930555555555553
112 0.24253472222222222 0.367193287037037 0.058657407407407366 0.041458333333333285
54 0.7531018518518519 0.27545138888888887 0.11332175925925939 0.09456597222222225
112 0.2536689814814815 0.3376446759259259 0.046932870370370416 0.0280150462962963
119 0.32631365740740736 0.1541840277777778 0.13004050925925928 0.07373842592592594
48 0.6801331018518518 0.2532581018518519 0.06109375000000004 0.043055555555555534
48 0.5659201388888888 0.2804976851851852 0.05755208333333321 0.0359780092592592
48 0.5030844907407408 0.3116261574074074 0.05947916666666657 0.028981481481481452
40 0.619212962962963 0.3180381944444444 0.057644675925925884 0.037540509259259204