44 0.8061168981481481 0.29173032407407407 0.15068865740740733 0.12089120370370372
44 0.6475636574074073 0.2932986111111111 0.133917824074074 0.11361689814814815
40 0.23326388888888888 0.4696180555555555 0.0661168981481481 0.055625000000000036
14 0.7628587962962963 0.13233796296296296 0.12967013888888895 0.07686342592592595
88 0.5564641203703704 0.21346064814814816 0.11330439814814816 0.07740162037037032
51 0.5069386574074073 0.29538194444444443 0.12052662037037046 0.0962442129629629
120 0.41030092592592593 0.23201967592592593 0.12546874999999993 0.08616898148148149
44 0.34818865740740745 0.36096643518518523 0.1344155092592593 0.10815972222222214
119 0.33435185185185184 0.1761574074074074 0.13167824074074072 0.08548032407407406
120 0.12258680555555557 0.11996527777777777 0.1472511574074074 0.09976273148148147
12 0.16215277777777776 0.2903414351851852 0.1290972222222222 0.12603587962962964
112 0.2109085648148148 0.5394270833333333 0.059126157407407474 0.05630208333333329
112 0.21060185185185185 0.5152314814814816 0.05585069444444439 0.038298611111111214
112 0.17655671296296296 0.4642129629629629 0.05773726851851855 0.04457175925925938
112 0.22188657407407408 0.4330960648148148 0.054033564814814826 0.048420138888888783
112 0.24005208333333333 0.3688136574074074 0.05362847222222218 0.040607638888888874
88 0.2725462962962963 0.11852430555555556 0.12140046296296295 0.08298611111111112
112 0.2508449074074074 0.34133101851851855 0.05190393518518519 0.0374594907407408
112 0.25435185185185183 0.3038078703703704 0.043229166666666693 0.03576967592592588
40 0.6710879629629629 0.35149884259259256 0.06291087962962968 0.054016203703703705
119 0.4764467592592593 0.371556712962963 0.11885416666666675 0.07904513888888882
51 0.36343171296296295 0.29282407407407407 0.12995370370370365 0.08233217592592598
112 0.12451967592592592 0.17302083333333332 0.056631944444444436 0.03831018518518521
44 0.7513136574074075 0.35499421296296296 0.1407465277777778 0.10981481481481481
12 0.6040625000000001 0.34936921296296297 0.11956018518518512 0.12277199074074074