60 0.24570601851851853 0.48607638888888893 0.14737268518518515 0.09065972222222225
55 0.22991319444444444 0.4170659722222222 0.15431134259259255 0.08925347222222228
22 0.25703125 0.3217013888888889 0.17559606481481485 0.10611111111111109
109 0.25798032407407406 0.2850520833333333 0.16960648148148144 0.07086805555555556
111 0.6972395833333334 0.3244618055555556 0.08320601851851847 0.06114583333333332
111 0.7131539351851852 0.35602430555555553 0.07190972222222225 0.08118055555555559
111 0.18383101851851852 0.3372395833333333 0.07122106481481483 0.08272569444444447
111 0.18083333333333335 0.31298611111111113 0.0762673611111111 0.06255208333333329
116 0.27094907407407404 0.2010763888888889 0.1211342592592592 0.09553819444444445
90 0.29478587962962965 0.16883680555555555 0.06035879629629637 0.04425347222222222
90 0.3065393518518519 0.14335069444444443 0.06303240740740738 0.06303819444444443
20 0.1698263888888889 0.25890625 0.07741319444444442 0.05555555555555554
20 0.27473958333333337 0.25187499999999996 0.0657349537037037 0.04281249999999996