129 0.19402777777777777 0.5239756944444445 0.10538194444444446 0.0710243055555555
2 0.5884375000000001 0.4765972222222222 0.15401041666666657 0.08177083333333321
91 0.2040972222222222 0.42276041666666664 0.06847222222222218 0.09592013888888892
17 0.20270833333333335 0.48526041666666664 0.09340277777777777 0.09390625000000004
69 0.3319965277777778 0.4386111111111111 0.11638888888888896 0.07463541666666665
42 0.35993055555555553 0.413263888888889 0.12079861111111115 0.09746527777777772
8 0.5340277777777778 0.5320486111111111 0.05493055555555557 0.04848958333333329
8 0.23887152777777781 0.4767013888888888 0.06788194444444447 0.034236111111111
69 0.3813020833333333 0.29612847222222227 0.10430555555555551 0.09282986111111118
129 0.5546180555555555 0.34449652777777773 0.09190972222222235 0.061840277777777786
129 0.5991666666666667 0.31050347222222224 0.059270833333333425 0.06819444444444445
84 0.6561458333333333 0.31538194444444445 0.09517361111111118 0.0682291666666666
130 0.5319791666666667 0.23713541666666665 0.10644097222222229 0.08355902777777775