80 0.718287037037037 0.5514583333333334 0.14285300925925917 0.10543402777777774
8 0.696875 0.5634722222222223 0.08420138888888892 0.03934027777777764
8 0.5912905092592593 0.5369270833333333 0.05512152777777786 0.03401041666666664
8 0.684230324074074 0.5382118055555555 0.06276041666666679 0.029496527777777715
67 0.2594328703703704 0.4920833333333333 0.062413194444444466 0.04119791666666668
117 0.7052083333333334 0.40909722222222217 0.05451388888888893 0.038680555555555426
117 0.23125 0.3423611111111111 0.05225694444444447 0.04097222222222223
48 0.27416087962962965 0.40498263888888886 0.05439814814814818 0.035555555555555604
48 0.2380787037037037 0.4213541666666666 0.04840856481481488 0.042447916666666786
16 0.49331597222222223 0.29432291666666666 0.2598958333333334 0.1252083333333333
124 0.5035011574074074 0.23210069444444445 0.2197337962962962 0.09465277777777778
117 0.22421875 0.38435763888888885 0.053038194444444464 0.04098958333333336
117 0.2728877314814815 0.3284548611111111 0.04916087962962958 0.04168402777777782
117 0.256712962962963 0.43972222222222224 0.04918981481481488 0.042465277777777824
8 0.5428530092592593 0.5358506944444444 0.057349537037037025 0.03093749999999993
8 0.555960648148148 0.5103819444444444 0.07760416666666678 0.029826388888888822
117 0.7247974537037037 0.47432291666666665 0.0739293981481481 0.05706597222222225
8 0.678761574074074 0.3273263888888889 0.062152777777777855 0.03416666666666668
8 0.6859085648148148 0.2884548611111111 0.07008101851851851 0.03746527777777775
8 0.5866030092592592 0.28390624999999997 0.0690104166666666 0.029635416666666713
8 0.6264178240740741 0.26293402777777775 0.07508680555555554 0.025086805555555536
8 0.6225694444444445 0.30656249999999996 0.056597222222222146 0.03170138888888889