45 0.23203125 0.51796875 0.13828125 0.084375
9 0.70625 0.5203125 0.10234375 0.06328125
97 0.66640625 0.528125 0.10234375 0.07734375
132 0.26015625 0.2890625 0.0875 0.06328125
53 0.2390625 0.46484375 0.09921875 0.04609375
112 0.24921875 0.346875 0.05 0.03515625
112 0.24609375 0.39921875 0.03515625 0.0265625
5 0.28046875 0.35390625 0.0703125 0.046875
5 0.30390625 0.31953125 0.0921875 0.0390625
5 0.6484375 0.36796875 0.075 0.046875
5 0.659375 0.35390625 0.07421875 0.04453125
5 0.65390625 0.32421875 0.078125 0.04453125
112 0.25859375 0.29765625 0.03515625 0.028125
112 0.26484375 0.26640625 0.0390625 0.02109375
53 0.440625 0.2984375 0.12421875 0.07421875