120 0.5318576388888889 0.2733449074074074 0.11235532407407404 0.07748263888888882
88 0.20733217592592595 0.33241898148148147 0.11325231481481479 0.08141203703703707
50 0.3464351851851852 0.3115625 0.09635995370370373 0.06451967592592593
119 0.37526041666666665 0.3623726851851852 0.11148148148148147 0.07433449074074075
112 0.2548090277777778 0.5648726851851851 0.041597222222222285 0.0340162037037036
44 0.48683449074074076 0.33445601851851847 0.14264467592592583 0.09867476851851845
120 0.12316550925925926 0.12619791666666666 0.12026041666666668 0.08083912037037036
112 0.21195023148148148 0.5409664351851852 0.04603009259259263 0.025561342592592594
14 0.7064409722222222 0.15909143518518518 0.11254050925925937 0.0837326388888889
88 0.29637731481481483 0.1500636574074074 0.10750578703703706 0.071875
119 0.6487210648148147 0.3712557870370371 0.10684027777777771 0.07575810185185183
40 0.7025173611111111 0.5008622685185186 0.04888310185185176 0.04281828703703709
48 0.7770543981481481 0.5928356481481482 0.05887731481481495 0.037650462962962906
112 0.17715856481481482 0.5258854166666667 0.040561342592592586 0.025399305555555605
44 0.10839699074074075 0.26001736111111107 0.11739004629629628 0.08934027777777782
40 0.22910879629629627 0.5141550925925926 0.058854166666666693 0.0368692129629629
112 0.20673032407407405 0.41748263888888887 0.05315393518518521 0.028894675925925917
40 0.12340856481481481 0.29246527777777775 0.04056712962962963 0.05193865740740744
112 0.1847800925925926 0.28257523148148145 0.04860532407407407 0.0334432870370371
112 0.7989930555555554 0.5692881944444445 0.047800925925925955 0.032638888888888926
112 0.7436689814814815 0.49349537037037033 0.03601273148148145 0.029947916666666786
51 0.3958449074074074 0.45118634259259255 0.12138888888888885 0.09258101851851848
48 0.758287037037037 0.40728587962962964 0.057384259259259274 0.03994791666666657
48 0.7143402777777779 0.45203703703703707 0.04633101851851862 0.03571759259259259
48 0.7066319444444444 0.4026331018518519 0.05773148148148159 0.05166666666666657
54 0.3197916666666667 0.466105324074074 0.11904513888888886 0.09251157407407398
120 0.16921875 0.4686689814814814 0.1248553240740741 0.07785300925925931
112 0.5860532407407407 0.33739583333333334 0.03709490740740744 0.040127314814814775
88 0.6668171296296297 0.3233969907407407 0.11226273148148139 0.07435763888888883
112 0.1277025462962963 0.17394675925925926 0.05308449074074075 0.026550925925925915