80 0.69375 0.53125 0.13671875 0.1015625
8 0.67265625 0.54375 0.08125 0.0375
8 0.56953125 0.51953125 0.053125 0.0328125
8 0.6609375 0.51796875 0.0609375 0.028125
67 0.24375 0.48203125 0.06015625 0.0390625
117 0.6859375 0.38984375 0.05234375 0.03671875
117 0.2203125 0.33515625 0.05 0.0390625
48 0.2609375 0.39609375 0.05234375 0.034375
48 0.225 0.4125 0.046875 0.04140625
16 0.48125 0.28125 0.25234375 0.11875
124 0.49375 0.21953125 0.21328125 0.0890625
117 0.2125 0.3765625 0.05078125 0.0390625
117 0.2625 0.31953125 0.046875 0.03984375
117 0.2421875 0.43046875 0.046875 0.040625
8 0.52109375 0.51875 0.05546875 0.0296875
8 0.53515625 0.49375 0.07578125 0.02734375
117 0.703125 0.4546875 0.0703125 0.0546875
8 0.66328125 0.31015625 0.06015625 0.0328125
8 0.671875 0.27109375 0.06796875 0.03515625
8 0.5734375 0.26875 0.0671875 0.028125
8 0.6140625 0.24765625 0.0734375 0.0234375
8 0.60859375 0.290625 0.0546875 0.03046875