50 0.22236689814814814 0.5691840277777778 0.1189814814814815 0.07384259259259256
14 0.7260127314814815 0.39123263888888893 0.1341145833333334 0.08220486111111107
119 0.3709780092592593 0.3897858796296297 0.13414351851851852 0.08298611111111107
54 0.37566550925925923 0.34782986111111114 0.12690972222222233 0.09832175925925926
44 0.2048611111111111 0.2861111111111111 0.12795138888888885 0.10538194444444446
88 0.34589120370370374 0.26012731481481477 0.1184895833333334 0.08162615740740745
12 0.6273148148148148 0.2962962962962963 0.115625 0.10960648148148149
51 0.4901331018518519 0.2997974537037037 0.11950231481481488 0.08790509259259256
120 0.4801215277777778 0.24013310185185185 0.11938657407407405 0.08478009259259256
40 0.20795717592592594 0.4750289351851852 0.07554976851851851 0.05975115740740744
48 0.2359664351851852 0.43081597222222223 0.06131365740740744 0.05454282407407405
112 0.6564814814814814 0.4097222222222222 0.05856481481481488 0.04351851851851851
112 0.65859375 0.382494212962963 0.051620370370370414 0.04560185185185191
112 0.5594328703703704 0.2750578703703704 0.0450231481481481 0.03599537037037033