112 0.678125 0.39921875 0.04140625 0.025
112 0.38984375 0.63671875 0.05078125 0.04140625
112 0.61015625 0.38515625 0.03515625 0.02734375
19 0.440625 0.3078125 0.3078125 0.1390625
112 0.35625 0.65234375 0.03984375 0.02421875
111 0.23984375 0.4609375 0.075 0.05703125
112 0.28046875 0.603125 0.04296875 0.0265625
112 0.68984375 0.42890625 0.06015625 0.04296875
112 0.60546875 0.3109375 0.0296875 0.0296875
112 0.265625 0.39765625 0.0328125 0.03046875
112 0.2640625 0.34765625 0.03984375 0.0296875
112 0.1921875 0.4609375 0.03984375 0.0359375
43 0.4875 0.35390625 0.25546875 0.10859375
38 0.62265625 0.2515625 0.09453125 0.06015625