124 0.39730902777777777 0.6683854166666666 0.2075810185185185 0.10072916666666672
48 0.39386574074074077 0.6597685185185185 0.06090856481481488 0.04184606481481481
117 0.23391203703703703 0.5796990740740741 0.05480324074074074 0.04570601851851848
117 0.6941840277777778 0.565144675925926 0.07531828703703702 0.05132523148148138
117 0.2804398148148148 0.5706712962962963 0.05957754629629637 0.048084490740740726
117 0.3583622685185185 0.56578125 0.05763888888888893 0.03791666666666664
117 0.42314814814814816 0.5436111111111112 0.04508101851851851 0.036261574074073974
117 0.496412037037037 0.5394675925925926 0.06730324074074083 0.045798611111111144
48 0.5883969907407407 0.6612094907407406 0.04924768518518512 0.043321759259259095
67 0.41134259259259254 0.6044444444444445 0.06956018518518511 0.043472222222222176
58 0.359837962962963 0.5001851851851852 0.13431712962962958 0.08378472222222229
8 0.41174768518518523 0.4888541666666667 0.06455439814814809 0.03484374999999993
8 0.281712962962963 0.4996064814814815 0.08009259259259256 0.032615740740740765