111 0.6424479166666667 0.5250289351851852 0.10526041666666668 0.09429976851851851
61 0.3851041666666667 0.3322337962962963 0.3938020833333334 0.19071180555555553
96 0.34552083333333333 0.3033564814814815 0.34296875 0.15298032407407405
112 0.5315624999999999 0.33217592592592593 0.04630208333333332 0.028211805555555535
112 0.23598958333333336 0.3603877314814815 0.05328125000000004 0.03938078703703703
112 0.16838541666666668 0.5521122685185185 0.057656250000000006 0.04655671296296297
112 0.12203125 0.5425636574074074 0.05140625000000001 0.034635416666666786
112 0.15755208333333334 0.5031539351851851 0.0661458333333333 0.03362268518518512
112 0.11505208333333332 0.45928819444444446 0.04124999999999997 0.03425925925925917
112 0.15 0.5224537037037036 0.04713541666666665 0.029021990740740834
112 0.14567708333333335 0.4228298611111111 0.04468749999999999 0.027372685185185118
107 0.3324479166666667 0.34673032407407406 0.0984375 0.06209490740740744