88 0.21875 0.3421875 0.10625 0.075
50 0.24765625 0.446875 0.090625 0.059375
119 0.3796875 0.36640625 0.10546875 0.06875
112 0.2640625 0.58984375 0.03984375 0.03125
44 0.48828125 0.3359375 0.13515625 0.09140625
120 0.14375 0.14609375 0.11328125 0.07421875
14 0.7046875 0.1609375 0.10546875 0.07734375
88 0.309375 0.1640625 0.1015625 0.06640625
40 0.68828125 0.43203125 0.06015625 0.034375
119 0.6484375 0.37421875 0.10078125 0.06953125
48 0.36171875 0.640625 0.05625 0.03515625
44 0.12578125 0.275 0.1109375 0.0828125
40 0.2421875 0.471875 0.05546875 0.034375
48 0.2671875 0.528125 0.06015625 0.034375
112 0.26328125 0.490625 0.05078125 0.0265625
112 0.19375 0.29609375 0.0453125 0.03046875
112 0.596875 0.65234375 0.0453125 0.0296875
112 0.22421875 0.55 0.03359375 0.02734375
51 0.396875 0.4515625 0.1140625 0.0859375
48 0.5515625 0.64140625 0.05390625 0.03671875
48 0.62421875 0.63125 0.04375 0.0328125
54 0.3234375 0.46796875 0.11171875 0.08515625
120 0.178125 0.475 0.11796875 0.071875
112 0.70234375 0.46640625 0.034375 0.0375
88 0.6625 0.32109375 0.10625 0.06875
112 0.67265625 0.634375 0.05078125 0.0234375
14 0.31015625 0.2765625 0.109375 0.0734375
48 0.6546875 0.575 0.0625 0.0296875
112 0.69453125 0.38515625 0.03125 0.034375
119 0.721875 0.365625 0.0828125 0.06875
48 0.67421875 0.596875 0.05625 0.03515625
112 0.7125 0.4453125 0.04921875 0.03125
112 0.15078125 0.1953125 0.0609375 0.02734375
122 0.45234375 0.2109375 0.05078125 0.0390625