50 0.18574074074074073 0.6026273148148148 0.12564236111111113 0.0789756944444445
14 0.7315914351851852 0.42412615740740744 0.14171296296296312 0.08837962962962961
119 0.35828703703703707 0.41730324074074077 0.14175347222222215 0.08916087962962962
48 0.30703703703703705 0.39349537037037036 0.04946759259259261 0.052430555555555536
54 0.3676273148148148 0.3731365740740741 0.13475115740740745 0.10438078703703706
44 0.19410300925925927 0.3053877314814815 0.13515625 0.11219328703703706
88 0.3449826388888889 0.28109375000000003 0.12530671296296295 0.0875289351851852
12 0.637355324074074 0.3228877314814815 0.12289930555555557 0.11623263888888893
51 0.49315972222222226 0.3240277777777778 0.1264120370370371 0.0938194444444445
120 0.48698495370370376 0.2618229166666667 0.12624999999999992 0.0906944444444445
40 0.1689872685185185 0.5782581018518519 0.06669560185185186 0.05410300925925924
48 0.19648726851851853 0.5162326388888889 0.06533564814814818 0.057928240740740836
112 0.7024479166666666 0.4876331018518519 0.06164351851851855 0.046828703703703664
112 0.691579861111111 0.47061921296296294 0.05469328703703695 0.04802662037037031
112 0.5871759259259259 0.3539699074074074 0.04717592592592599 0.03828703703703704
40 0.1935185185185185 0.346875 0.06152199074074076 0.044484953703703665