127 0.4186979166666667 0.20416087962962962 0.15890625000000008 0.10069444444444446
6 0.6718229166666667 0.13002893518518518 0.13088541666666664 0.09013310185185186
117 0.1994270833333333 0.5514988425925926 0.05250000000000003 0.04994791666666672
117 0.17854166666666668 0.5197453703703704 0.05723958333333332 0.03909143518518512
56 0.12838541666666667 0.1193113425925926 0.13140625 0.0862384259259259
117 0.2523958333333333 0.5249074074074074 0.05390625 0.04762731481481488
117 0.15182291666666667 0.2949189814814815 0.06791666666666667 0.047054398148148116
5 0.7165625 0.4726736111111111 0.08869791666666664 0.0426793981481481
5 0.7374479166666666 0.445775462962963 0.09432291666666667 0.03339699074074076
5 0.7105208333333334 0.42896990740740737 0.07833333333333332 0.03940393518518519
70 0.43838541666666664 0.27659722222222227 0.12244791666666668 0.11576388888888882
6 0.28583333333333333 0.2639988425925926 0.13171875000000002 0.0909259259259259
5 0.22161458333333334 0.4502893518518519 0.08328125000000001 0.04337962962962969
5 0.22463541666666664 0.4252199074074074 0.09625000000000003 0.03888888888888893
5 0.22489583333333335 0.40566550925925926 0.10270833333333336 0.04210648148148159
56 0.5836458333333333 0.2502025462962963 0.14937499999999987 0.09821180555555556
117 0.70859375 0.40006365740740735 0.06427083333333332 0.05090277777777778
117 0.6922395833333332 0.35416666666666663 0.055885416666666646 0.053900462962962956
117 0.14401041666666664 0.25984375000000004 0.06828124999999999 0.04081597222222229
117 0.13036458333333334 0.24284143518518517 0.06739583333333332 0.0392418981481482