113 0.3346238425925926 0.5556597222222223 0.1242881944444445 0.11288194444444458
18 0.42071759259259256 0.4904861111111112 0.10350115740740744 0.0803993055555555
23 0.6518229166666666 0.5478298611111111 0.17934027777777786 0.08598958333333329
39 0.6265162037037036 0.5163715277777777 0.08040509259259246 0.05020833333333332
18 0.7021817129629631 0.5225 0.08608217592592596 0.0643923611111111
39 0.173125 0.5444097222222222 0.060115740740740754 0.05131944444444443
90 0.24734375000000003 0.5427604166666666 0.07971643518518512 0.05644097222222229
18 0.27877893518518515 0.5295659722222222 0.06497685185185187 0.06314236111111118
23 0.3293287037037037 0.6494965277777778 0.05726851851851844 0.06999999999999992
23 0.38253472222222223 0.6428472222222222 0.07364004629629628 0.06802083333333328
23 0.19776041666666666 0.5157465277777777 0.1611979166666667 0.07387152777777786
79 0.7453414351851851 0.24506944444444442 0.1038252314814816 0.10227430555555558
108 0.18662037037037038 0.4769444444444444 0.10960069444444445 0.0703819444444445
123 0.5909837962962963 0.06809027777777778 0.09512731481481485 0.09505208333333333