111 0.69453125 0.5375 0.0921875 0.084375
61 0.44609375 0.33671875 0.35546875 0.1640625
112 0.68203125 0.40078125 0.04140625 0.025
112 0.39609375 0.38515625 0.04765625 0.03515625
112 0.29921875 0.6171875 0.05078125 0.04140625
112 0.26796875 0.31171875 0.03515625 0.02734375
112 0.33125 0.28125 0.059375 0.02890625
112 0.71796875 0.4 0.03671875 0.03046875
112 0.26328125 0.6109375 0.03984375 0.02421875
111 0.32578125 0.3625 0.075 0.05703125
112 0.28515625 0.584375 0.04296875 0.0265625
112 0.23515625 0.4484375 0.06015625 0.04296875
112 0.27109375 0.34140625 0.04140625 0.025
106 0.46796875 0.125 0.121875 0.07109375