13 0.7020659722222222 0.4022800925925926 0.11805555555555572 0.0837442129629629
105 0.6411226851851852 0.27109375 0.06402777777777793 0.05248842592592595
83 0.21981481481481482 0.34924189814814816 0.04789351851851853 0.035069444444444466
83 0.22520833333333332 0.32024305555555554 0.06262152777777778 0.03138310185185187
104 0.28205439814814814 0.3131481481481481 0.11338541666666675 0.05790509259259267
83 0.2728645833333333 0.31953703703703706 0.048790509259259277 0.038987268518518546
105 0.28296296296296297 0.2646759259259259 0.05763888888888893 0.04770833333333337
21 0.14281828703703706 0.2565914351851852 0.10472800925925929 0.08198495370370366
83 0.2709201388888889 0.35942708333333334 0.05492476851851853 0.03517361111111113
83 0.3261805555555556 0.3515740740740741 0.0650347222222222 0.03376157407407412
83 0.32447337962962963 0.3203356481481482 0.06211805555555561 0.040746527777777784