127 0.4402835648148148 0.14532986111111112 0.15071759259259263 0.10354166666666664
6 0.6928993055555555 0.06532986111111111 0.123298611111111 0.09217013888888889
117 0.19669560185185184 0.3890451388888889 0.048790509259259277 0.049809027777777806
117 0.16256944444444446 0.31866319444444446 0.054189814814814774 0.04067708333333329
56 0.1607349537037037 0.07100694444444444 0.12405092592592593 0.08829861111111112
117 0.22276041666666666 0.32067708333333333 0.04956018518518519 0.04828124999999996
117 0.1974710648148148 0.28272569444444445 0.06361689814814815 0.04812499999999993
5 0.6988252314814816 0.2323090277777778 0.08467592592592581 0.04437499999999996
5 0.7025347222222222 0.20557291666666666 0.09085648148148148 0.03527777777777778
5 0.6843518518518519 0.1774652777777778 0.07449652777777782 0.04079861111111107
70 0.4556597222222223 0.2165451388888889 0.11333333333333329 0.11749999999999998