67 0.30046875 0.6500289351851852 0.07966435185185183 0.053478009259259274
80 0.7117071759259259 0.5962384259259259 0.15019675925925924 0.13726273148148138
8 0.5256018518518518 0.6357465277777777 0.055486111111111215 0.04063078703703695
8 0.6042361111111111 0.6431828703703704 0.05869791666666657 0.028969907407407368
8 0.5759201388888888 0.627181712962963 0.04096064814814824 0.03260995370370381
8 0.6469907407407407 0.46739583333333334 0.07855324074074073 0.03472800925925927
8 0.6119675925925926 0.4569675925925926 0.05051504629629626 0.022604166666666713
8 0.5969733796296296 0.42825810185185187 0.0659143518518519 0.032199074074074116
8 0.6721122685185185 0.4294907407407408 0.05892939814814824 0.03287615740740737
67 0.6990509259259259 0.3430787037037037 0.07966435185185183 0.053478009259259274
117 0.6341608796296296 0.23769675925925923 0.06872685185185183 0.053315972222222285
117 0.6917939814814815 0.24700810185185187 0.05654513888888886 0.045329861111111036
117 0.2088888888888889 0.5692824074074074 0.05332754629629628 0.04372106481481488
117 0.25602430555555555 0.5333969907407408 0.06903935185185181 0.03224537037037045
117 0.2342766203703704 0.5094791666666667 0.07488425925925926 0.051846064814814775
117 0.2418923611111111 0.47965277777777776 0.08012152777777777 0.04802083333333336
48 0.23041087962962964 0.6025868055555555 0.04987847222222221 0.03820601851851855
48 0.38028935185185186 0.21565393518518516 0.06366898148148144 0.04699652777777778
48 0.5181134259259259 0.21908564814814815 0.058518518518518546 0.039114583333333376
117 0.3788946759259259 0.1789236111111111 0.05875000000000004 0.04302083333333333
117 0.43160879629629634 0.18439814814814814 0.05213541666666668 0.04994791666666667
117 0.495625 0.18266782407407406 0.05296296296296301 0.05074074074074075