88 0.18671875 0.3281770833333334 0.11640625 0.08979166666666671
50 0.215625 0.37234375000000003 0.09921875 0.07223958333333336
119 0.3625 0.3422395833333333 0.115625 0.08270833333333334
112 0.23828125 0.6341145833333334 0.04296875 0.037239583333333215
44 0.48125 0.30151041666666667 0.14765625 0.10984375000000002
120 0.1046875 0.11880208333333334 0.12421875 0.08953125000000002
14 0.71875 0.09505208333333333 0.115625 0.09286458333333333
88 0.2859375 0.12703124999999998 0.11171875 0.08010416666666668
40 0.61171875 0.34984375 0.065625 0.041875000000000016
119 0.6515625 0.32453125 0.11015625 0.08390625000000007
48 0.25234375 0.6034895833333334 0.0609375 0.042343750000000034
44 0.084375 0.2615625 0.12109375 0.09869791666666661
40 0.28515625 0.6411458333333334 0.0609375 0.041562499999999857
112 0.18203125 0.42848958333333337 0.05546875 0.03260416666666668
40 0.16953125 0.39651041666666664 0.04140625 0.055885416666666646
112 0.16796875 0.25364583333333335 0.05 0.03692708333333332
112 0.73046875 0.5739583333333333 0.04921875 0.036093750000000036
112 0.19296875 0.5410416666666666 0.03671875 0.03213541666666657
51 0.38203125 0.4346875 0.125 0.10208333333333339
48 0.6734375 0.5793229166666667 0.05859375 0.04375
48 0.67421875 0.5409895833333334 0.04765625 0.039114583333333286
54 0.3015625 0.4580208333333333 0.12265625 0.10192708333333336
120 0.14140625 0.4765104166666667 0.1296875 0.08677083333333328
112 0.6984375 0.38 0.0375 0.04312500000000004
88 0.671875 0.2723958333333333 0.11640625 0.08276041666666671
112 0.71015625 0.56359375 0.05546875 0.029479166666666678