127 0.41220486111111115 0.20381944444444447 0.14809027777777786 0.09697916666666666
56 0.14363425925925927 0.11263888888888889 0.1226967592592593 0.0831423611111111
70 0.42423032407407407 0.27288194444444447 0.1125925925925925 0.11102430555555554
6 0.28009259259259256 0.2563888888888889 0.1220543981481482 0.08781250000000007
56 0.5647453703703704 0.2533333333333333 0.13942708333333337 0.09444444444444447
117 0.705462962962963 0.5699479166666667 0.060005787037037094 0.048958333333333215
117 0.7012673611111111 0.5268576388888888 0.05150462962962976 0.051892361111111104
117 0.6497280092592593 0.5249305555555555 0.05449074074074076 0.04727430555555543
117 0.6738078703703703 0.42461805555555554 0.04582754629629626 0.04473958333333332
5 0.6902083333333333 0.4515625 0.07071180555555542 0.04138888888888896
117 0.5954340277777778 0.5104340277777778 0.047939814814814775 0.036979166666666785
5 0.6648321759259259 0.3845486111111111 0.0778356481481481 0.04467013888888891
6 0.37527199074074075 0.34215277777777775 0.13124421296296296 0.08177083333333339
5 0.25612847222222224 0.5638715277777777 0.07411458333333334 0.050833333333333286
5 0.20869212962962963 0.5026215277777778 0.06956018518518521 0.028871527777777926
5 0.19842592592592592 0.47972222222222227 0.07620370370370369 0.042291666666666575
117 0.6520312500000001 0.4999652777777778 0.06657407407407412 0.03348958333333343
117 0.16813078703703704 0.42041666666666666 0.045665509259259274 0.039270833333333324
117 0.15340856481481482 0.38960069444444445 0.048836805555555564 0.04090277777777782
117 0.15564236111111113 0.3669791666666667 0.04644675925925927 0.039288194444444445
5 0.20462384259259264 0.4024652777777778 0.09192129629629626 0.045763888888888896
5 0.2147627314814815 0.37689236111111113 0.06498842592592595 0.03267361111111109
5 0.22795717592592593 0.3537326388888889 0.06602430555555552 0.041284722222222216