84 0.331712962962963 0.6651041666666666 0.08454861111111107 0.05239583333333329
42 0.33327546296296295 0.4960416666666667 0.14302662037037042 0.09526041666666671
129 0.28692129629629626 0.6057291666666667 0.06032986111111107 0.05078125
129 0.3233506944444445 0.5948437500000001 0.05876736111111107 0.05067708333333343
129 0.28816550925925927 0.5509895833333334 0.06556712962962959 0.04489583333333336
2 0.3872685185185185 0.5395833333333333 0.11056134259259257 0.06036458333333332
130 0.21556712962962962 0.5657291666666667 0.08234953703703703 0.05614583333333343
69 0.5513599537037037 0.52859375 0.08666087962962958 0.08838541666666658
8 0.5098958333333333 0.633125 0.053038194444444464 0.04328125000000007
8 0.44777199074074076 0.59765625 0.050289351851851904 0.032187500000000036
8 0.5745659722222223 0.6209895833333332 0.05248842592592595 0.02843750000000007
91 0.6823784722222223 0.5647395833333333 0.08376736111111108 0.07338541666666672
84 0.19968171296296294 0.5505729166666666 0.08330439814814813 0.03984375
17 0.4747395833333333 0.5461979166666666 0.10101273148148149 0.07609375000000007
42 0.47384259259259254 0.5069791666666668 0.1012731481481481 0.08312500000000007
17 0.5695601851851851 0.6715625 0.10706018518518512 0.09208333333333343
69 0.510474537037037 0.4060416666666667 0.11475694444444447 0.08947916666666664
129 0.23350694444444442 0.5042708333333333 0.08315972222222223 0.05697916666666671