119 0.24951967592592594 0.3158275462962963 0.11201388888888886 0.09311342592592595
14 0.4260648148148148 0.296556712962963 0.14184027777777786 0.09890046296296298
50 0.6909085648148148 0.30636574074074074 0.10346064814814823 0.06782407407407405
120 0.5700868055555557 0.31909722222222225 0.11874421296296304 0.08321759259259257
88 0.2218402777777778 0.37893518518518515 0.11964120370370371 0.08715277777777777
51 0.36789351851851854 0.35931712962962964 0.15188078703703703 0.09537037037037033
119 0.3983969907407407 0.41206597222222224 0.11787037037037038 0.08006365740740744
112 0.7356886574074074 0.537181712962963 0.04178240740740744 0.040567129629629585
112 0.7434606481481482 0.5124421296296295 0.04486111111111111 0.039120370370370236
44 0.5181423611111111 0.38287037037037036 0.151423611111111 0.1062789351851852
120 0.14622106481481484 0.15949074074074074 0.12743055555555555 0.08666087962962958
40 0.6272337962962963 0.4228877314814815 0.050561342592592595 0.04713541666666661
112 0.643900462962963 0.3883101851851852 0.04874421296296294 0.03848379629629628
112 0.6021064814814815 0.3734664351851852 0.0491782407407408 0.026793981481481488
54 0.7321469907407407 0.3399594907407407 0.10656828703703702 0.09369212962962958