114 0.4107581018518518 0.3765162037037037 0.10628472222222207 0.060109953703703756
3 0.2940914351851852 0.5238078703703704 0.12012731481481484 0.10616319444444447
5 0.6453877314814814 0.45931712962962956 0.07965277777777793 0.05619212962962976
5 0.6524479166666667 0.43160300925925926 0.08236111111111111 0.042314814814814736
5 0.1938483796296296 0.4852951388888888 0.09424189814814818 0.04847800925925938
5 0.1464351851851852 0.5325578703703704 0.07949074074074076 0.050723379629629764
5 0.18997106481481482 0.45822916666666663 0.08086805555555551 0.04456597222222225
45 0.2416724537037037 0.2399189814814815 0.15332754629629627 0.09487268518518518
132 0.238125 0.17539930555555555 0.0918576388888889 0.07329282407407404
112 0.26177083333333334 0.16697916666666668 0.029670138888888874 0.027494212962962995
112 0.6163599537037037 0.17560185185185184 0.04086226851851862 0.03673611111111112
97 0.29148726851851847 0.24320601851851853 0.08786458333333336 0.09645254629629632
114 0.4723668981481481 0.24496527777777777 0.09948495370370374 0.06750578703703702
114 0.34194444444444444 0.25113425925925925 0.1033449074074074 0.06617476851851851