44 0.8471180555555555 0.28379629629629627 0.14635416666666679 0.12464120370370377
44 0.6892881944444444 0.29119791666666667 0.1290277777777778 0.11750000000000008
40 0.8241319444444445 0.3757175925925926 0.07064236111111093 0.053605324074074104
40 0.7870833333333334 0.4331712962962963 0.06447916666666664 0.05718750000000004
14 0.7920138888888889 0.1270949074074074 0.12588541666666658 0.0814409722222222
88 0.592951388888889 0.21484953703703705 0.11026041666666657 0.080630787037037
51 0.5502256944444445 0.2984085648148148 0.11692708333333339 0.09970486111111114
120 0.44958333333333333 0.23949074074074073 0.12217013888888886 0.08983217592592592
44 0.3969270833333333 0.3689293981481482 0.13045138888888888 0.11133101851851857
119 0.4254861111111111 0.3166087962962963 0.09727430555555543 0.09322337962962965
40 0.3969097222222222 0.4033449074074074 0.053350694444444444 0.04802662037037031
119 0.3701909722222222 0.18651041666666668 0.1284027777777778 0.08937499999999998
120 0.15559027777777779 0.13819444444444445 0.1427777777777778 0.10416666666666666
12 0.2070138888888889 0.3052546296296296 0.12460069444444448 0.1289756944444445
112 0.2729861111111111 0.4934606481481481 0.05668402777777777 0.05756365740740747
112 0.26727430555555554 0.44760995370370366 0.05116319444444439 0.05493634259259252
112 0.28315972222222224 0.42332175925925924 0.05395833333333329 0.04025462962962969
112 0.26793402777777775 0.37170717592592595 0.055659722222222284 0.04658564814814818
112 0.2835416666666667 0.33491898148148147 0.0518229166666667 0.04950810185185191
112 0.1625 0.2379513888888889 0.05166666666666666 0.042476851851851904
112 0.18230902777777777 0.21424189814814815 0.04069444444444441 0.04034722222222218
122 0.3840104166666667 0.5268113425925925 0.21227430555555554 0.1413252314814816