84 0.3342013888888889 0.64 0.08614004629629628 0.05203124999999993
42 0.3358506944444445 0.4691493055555555 0.14542824074074065 0.09487268518518518
129 0.31128472222222225 0.5850462962962963 0.06192129629629637 0.05077546296296305
129 0.28339120370370374 0.5592013888888889 0.06715856481481489 0.04480902777777764
129 0.33478009259259256 0.5612152777777778 0.07595486111111108 0.050723379629629764
129 0.34184027777777776 0.5390162037037036 0.06733217592592596 0.049496527777777646
129 0.3239583333333333 0.516550925925926 0.06403356481481488 0.044646990740740834
2 0.3898148148148148 0.5068981481481482 0.11215277777777785 0.05961805555555557
130 0.26059027777777777 0.5853356481481482 0.08394097222222223 0.05581597222222214
69 0.5359085648148147 0.49932291666666667 0.08828125 0.08879050925925931
8 0.5155092592592593 0.5869328703703703 0.053848379629629586 0.04333912037037031
8 0.4652777777777778 0.5747222222222221 0.0510706018518519 0.03149884259259252
8 0.39620949074074074 0.5868807870370369 0.053298611111111074 0.02849537037037031
91 0.6538773148148148 0.5353125000000001 0.08538773148148149 0.07382523148148153
84 0.21226851851851852 0.5847222222222223 0.08486689814814818 0.038709490740740725
17 0.47071759259259255 0.5541666666666666 0.10260416666666679 0.07549768518518504
42 0.47798032407407404 0.4633391203703704 0.10289351851851851 0.08331018518518504
17 0.575954861111111 0.6181076388888889 0.10943287037037024 0.09144675925925938
69 0.5107638888888889 0.37820601851851854 0.11712962962962976 0.08872685185185185
129 0.23234953703703703 0.5267592592592593 0.08475115740740743 0.056637731481481525
8 0.57890625 0.5173668981481481 0.037702546296296366 0.028466435185185192
8 0.6881655092592592 0.5358738425925926 0.04733796296296298 0.03598379629629633