114 0.44140625 0.3921875 0.09609375 0.04921875
3 0.36328125 0.47890625 0.1078125 0.09140625
5 0.69453125 0.42734375 0.071875 0.04765625
5 0.6859375 0.390625 0.075 0.034375
5 0.25625 0.46484375 0.08515625 0.0390625
5 0.24921875 0.49765625 0.071875 0.0421875
5 0.23671875 0.43984375 0.0734375 0.03671875
45 0.3015625 0.21953125 0.13828125 0.07890625
132 0.334375 0.15546875 0.0828125 0.0625
112 0.36875 0.15 0.046875 0.02734375
112 0.603125 0.1671875 0.03671875 0.03125
97 0.42421875 0.2 0.078125 0.084375