112 0.6755150462962962 0.35431134259259256 0.04821180555555564 0.04103009259259256
14 0.21009259259259258 0.34968171296296297 0.10027199074074078 0.07844328703703703
50 0.21852430555555555 0.5492766203703704 0.10241898148148146 0.0653356481481481
112 0.5802141203703703 0.25656828703703705 0.05353009259259256 0.03127893518518521
88 0.3387789351851852 0.21970486111111107 0.10230324074074071 0.057523148148148094
12 0.6196990740740741 0.22939814814814813 0.12973379629629633 0.11808449074074075
51 0.48381944444444447 0.24337384259259257 0.11602430555555561 0.08819444444444446
120 0.4821585648148147 0.18405671296296294 0.12054976851851862 0.07760416666666665
44 0.20813078703703702 0.2700520833333333 0.1240682870370371 0.1043981481481481
119 0.3633564814814815 0.34771412037037036 0.10030671296296294 0.08078703703703702
14 0.7101041666666668 0.31342592592592594 0.11214120370370359 0.08946759259259256
112 0.6961979166666666 0.377806712962963 0.04111111111111114 0.035821759259259345
54 0.3633969907407407 0.29765625 0.10892361111111111 0.08298611111111107
88 0.34226851851851847 0.296875 0.11117476851851844 0.07690972222222223
40 0.16671875 0.3255208333333333 0.04357060185185184 0.043807870370370414