127 0.4189236111111111 0.21337384259259257 0.14387152777777779 0.09269675925925931
117 0.25260416666666663 0.5431597222222223 0.0515625 0.03589699074074062
56 0.16081597222222221 0.12824652777777779 0.11906249999999999 0.07905671296296295
117 0.1806076388888889 0.5624189814814815 0.06125000000000003 0.04306712962962962
70 0.42921875 0.28075810185185185 0.11012152777777776 0.10625
6 0.29074652777777776 0.2654166666666667 0.1192708333333334 0.0837442129629629
56 0.5646006944444444 0.26009259259259265 0.1351736111111112 0.0902256944444444
117 0.7256076388888889 0.47199074074074077 0.05829861111111114 0.046927083333333286
117 0.6587326388888888 0.4639641203703704 0.05059027777777771 0.04915509259259263
117 0.21532986111111113 0.5551157407407408 0.0625694444444445 0.03762152777777779
117 0.6089756944444444 0.4577546296296296 0.05276041666666664 0.04528356481481488
5 0.6613715277777777 0.3342303240740741 0.06888888888888882 0.039276620370370365
117 0.5863020833333333 0.2995023148148148 0.06440972222222215 0.043894675925925955
117 0.62171875 0.3117534722222222 0.046840277777777925 0.0350462962962963
5 0.6523090277777778 0.29188078703703707 0.07605902777777765 0.04250578703703702
6 0.38092013888888887 0.3472743055555555 0.12762152777777783 0.07840277777777782
5 0.21161458333333333 0.4276331018518519 0.07243055555555555 0.048697916666666785
5 0.22131944444444446 0.4027604166666666 0.06758680555555552 0.027546296296296367
5 0.23265625 0.37634837962962964 0.07439236111111107 0.040138888888888856
117 0.6281423611111111 0.343119212962963 0.06467013888888892 0.032187500000000036
117 0.13446180555555556 0.22870370370370371 0.04460069444444446 0.03735532407407405
117 0.12796875000000002 0.198900462962963 0.04779513888888891 0.03896412037037038
117 0.148125 0.18512731481481481 0.044635416666666664 0.038136574074074094
5 0.34243055555555557 0.6328298611111112 0.05883680555555557 0.04146990740740737
5 0.26437499999999997 0.6301099537037038 0.07104166666666671 0.05258101851851862