14 0.709375 0.15625 0.1125 0.0671875
112 0.22265625 0.49453125 0.04609375 0.0359375
88 0.27109375 0.1375 0.1046875 0.071875
14 0.2265625 0.35546875 0.09609375 0.06875
119 0.46484375 0.36640625 0.103125 0.06875
50 0.27109375 0.378125 0.07890625 0.059375
112 0.20390625 0.41640625 0.0484375 0.03359375
12 0.58359375 0.3453125 0.1203125 0.10703125
112 0.21015625 0.4390625 0.0515625 0.02578125
88 0.35234375 0.2390625 0.09765625 0.04765625
112 0.6390625 0.33125 0.03203125 0.0296875
12 0.615625 0.26640625 0.1234375 0.1046875
51 0.4921875 0.271875 0.1109375 0.0765625
120 0.49140625 0.21484375 0.115625 0.06640625
44 0.22578125 0.278125 0.11796875 0.09140625
40 0.2078125 0.47890625 0.04765625 0.03359375
118 0.375 0.3640625 0.0953125 0.07109375