61 0.36640625 0.60703125 0.35390625 0.1828125
111 0.69609375 0.43359375 0.08984375 0.0765625
112 0.29921875 0.56875 0.0578125 0.03125
112 0.284375 0.62578125 0.05 0.0375
112 0.35625 0.63046875 0.04609375 0.04375
112 0.3234375 0.5296875 0.05078125 0.0359375
112 0.45390625 0.615625 0.0421875 0.02890625
112 0.26328125 0.5578125 0.05 0.03671875
112 0.33828125 0.6421875 0.0515625 0.0390625
112 0.2359375 0.5296875 0.04921875 0.03125
112 0.2375 0.4921875 0.03828125 0.03828125
96 0.44140625 0.35390625 0.315625 0.1484375
43 0.171875 0.353125 0.26328125 0.11796875