70 0.32961805555555557 0.32578125 0.1447106481481481 0.1296875
56 0.47966435185185186 0.2140625 0.13264467592592588 0.0828125
5 0.15539930555555556 0.53671875 0.09805555555555556 0.05390625
5 0.2121296296296296 0.471875 0.09490740740740744 0.05078125
117 0.6553067129629631 0.54921875 0.05901041666666664 0.05625
117 0.7006655092592593 0.54296875 0.06137152777777786 0.05859375
117 0.7205150462962964 0.5 0.0402025462962964 0.0484375
127 0.47079861111111115 0.35625 0.1318807870370371 0.08515625
56 0.19593750000000001 0.3375 0.13813657407407404 0.0859375
117 0.21870949074074075 0.42734375 0.0644039351851852 0.04609375
117 0.16059027777777776 0.46875 0.05425347222222223 0.046875
56 0.3349826388888889 0.234375 0.1326736111111111 0.08671875
117 0.22832175925925924 0.3953125 0.06127893518518519 0.04609375
117 0.23784722222222224 0.375 0.04877893518518519 0.04609375
5 0.3736689814814815 0.28515625 0.09020254629629623 0.0484375