45 0.19864583333333335 0.4828414351851852 0.15463541666666666 0.09914351851851855
9 0.7007638888888889 0.4994733796296297 0.11418402777777778 0.07368055555555557
97 0.6388368055555556 0.5526851851851852 0.11510995370370374 0.08930555555555557
132 0.29473379629629626 0.1837673611111111 0.0850462962962963 0.06827546296296294
53 0.2164467592592593 0.44693287037037044 0.10999421296296301 0.05554976851851841
112 0.27568287037037037 0.24076967592592596 0.05617476851851855 0.04107638888888889
112 0.33990162037037036 0.2017824074074074 0.0610474537037037 0.04444444444444447
5 0.4304456018518518 0.28719328703703706 0.07879050925925934 0.05471064814814817
5 0.45573495370370376 0.2571585648148148 0.07005787037037052 0.05192129629629631
5 0.5497453703703703 0.2972974537037037 0.08329282407407419 0.05182870370370374
5 0.5315162037037038 0.261087962962963 0.08724537037037053 0.05281249999999993