61 0.31004050925925924 0.6105729166666667 0.3877314814814815 0.21786458333333342
111 0.6728298611111111 0.3726041666666667 0.1004918981481481 0.08677083333333338
112 0.2066261574074074 0.579375 0.06414930555555554 0.03692708333333332
112 0.20552662037037037 0.6152083333333334 0.05601851851851851 0.042604166666666644
112 0.41475694444444444 0.5507291666666667 0.051851851851851906 0.04932291666666657
112 0.17864583333333334 0.5268229166666666 0.05674189814814814 0.041874999999999926
112 0.6658564814814815 0.45625 0.046788194444444466 0.03343749999999997
112 0.1823784722222222 0.48692708333333334 0.05517939814814814 0.041770833333333354
112 0.2948206018518518 0.6691145833333334 0.057754629629629586 0.045052083333333215
112 0.18243634259259262 0.44416666666666665 0.043634259259259255 0.043333333333333356
96 0.409519675925926 0.33807291666666667 0.34516782407407404 0.17848958333333337