14 0.7160821759259258 0.34114004629629624 0.1333912037037038 0.08501157407407404
119 0.3560185185185185 0.3723148148148148 0.13339699074074077 0.08579282407407404
88 0.33999999999999997 0.32 0.12309027777777777 0.06495370370370371
120 0.4712615740740741 0.20924768518518516 0.11857638888888893 0.08814814814814813
112 0.7001967592592593 0.41230324074074076 0.04243055555555557 0.03499999999999996
120 0.5659606481481482 0.3325115740740741 0.10928240740740733 0.09859953703703699
12 0.7639641203703704 0.26362847222222224 0.11949652777777793 0.10693865740740734
40 0.19040509259259258 0.3824652777777778 0.05813657407407406 0.04674768518518526
112 0.6226041666666667 0.38271990740740736 0.04094907407407398 0.04585648148148147
112 0.7022916666666668 0.378587962962963 0.04790509259259253 0.03606481481481474
112 0.6718576388888888 0.3848553240740741 0.033067129629629655 0.03607638888888891