124 0.4097048611111111 0.6690856481481482 0.21871527777777774 0.11103009259259267
48 0.4069791666666667 0.6604224537037038 0.06444444444444457 0.04560185185185191
117 0.23767361111111113 0.5727025462962964 0.058368055555555555 0.04932291666666657
117 0.7211805555555555 0.5675231481481482 0.07970486111111122 0.05541666666666671
117 0.2864409722222222 0.5640046296296296 0.06315972222222221 0.05180555555555557
117 0.3682291666666667 0.5609664351851852 0.061111111111111074 0.04082175925925924
117 0.43668402777777776 0.5388078703703704 0.047795138888889 0.03964699074074076
117 0.5130381944444444 0.5363888888888889 0.07164930555555564 0.049716435185185225
48 0.6108506944444445 0.6656828703703704 0.052013888888888894 0.046793981481481596
67 0.42390625000000004 0.6024074074074074 0.0731076388888889 0.04741898148148138
58 0.36907986111111113 0.49233217592592593 0.1421354166666667 0.09081597222222229
8 0.4239583333333333 0.4806944444444444 0.0680381944444445 0.03868634259259256
8 0.28701388888888885 0.4891203703703704 0.0850868055555555 0.036070601851851694