15 0.2185590277777778 0.5528182870370371 0.07081597222222218 0.06506944444444436
13 0.2476909722222222 0.49539930555555556 0.13381944444444444 0.09489004629629641
105 0.20944444444444446 0.5292303240740741 0.05883680555555557 0.04146990740740737
110 0.3341840277777778 0.6600694444444445 0.07059027777777782 0.04242476851851862
46 0.6353472222222223 0.5855729166666667 0.15614583333333343 0.10537037037037038
83 0.49411458333333336 0.6147511574074074 0.04256944444444457 0.044351851851851795
83 0.5359027777777777 0.6067708333333334 0.050416666666666644 0.04524884259259245
104 0.29032986111111114 0.6265856481481482 0.11154513888888892 0.06801504629629633
110 0.2506423611111111 0.6048900462962964 0.0671875 0.036128472222222284
105 0.2764756944444445 0.5513310185185185 0.06121527777777782 0.04228587962962962
83 0.5027256944444444 0.5968981481481481 0.04482638888888886 0.02486689814814813
110 0.2404513888888889 0.6407002314814815 0.10295138888888893 0.03275462962962976
21 0.48265624999999995 0.5207696759259259 0.11824652777777764 0.07826388888888883
103 0.3425173611111111 0.5077488425925927 0.0723263888888889 0.08148726851851862