108 0.16846643518518517 0.5758564814814815 0.1081828703703704 0.056388888888889
23 0.22857060185185185 0.5864525462962963 0.07222222222222223 0.051134259259259275
23 0.26361111111111113 0.6041608796296296 0.1003819444444444 0.057488425925926026
23 0.6819965277777778 0.3616493055555555 0.14736111111111114 0.0743287037037037
123 0.2226736111111111 0.538425925925926 0.08004050925925928 0.05237847222222225
79 0.6175115740740742 0.5203993055555556 0.0865162037037038 0.08321759259259257
123 0.45027777777777783 0.30571180555555555 0.0847280092592591 0.05265625000000007
79 0.4223321759259259 0.2798263888888889 0.08866898148148153 0.05757523148148156
90 0.6923090277777778 0.4466724537037036 0.09343749999999992 0.06879050925925938
18 0.716244212962963 0.38087384259259255 0.08781828703703702 0.04815393518518522
39 0.6349594907407408 0.27523148148148147 0.09731481481481481 0.0651157407407407