70 0.43046875 0.26993055555555556 0.115625 0.1199826388888889
6 0.278125 0.2618576388888889 0.12578125 0.09543402777777779
56 0.57578125 0.29394097222222226 0.13828125 0.09833333333333334
56 0.57734375 0.23918402777777778 0.14375 0.1032638888888889
117 0.709375 0.5825347222222221 0.06171875 0.05274305555555543
117 0.6734375 0.5528819444444444 0.053125 0.055486111111111215
117 0.64453125 0.5385416666666667 0.05546875 0.05168402777777779
117 0.70234375 0.49144097222222227 0.046875 0.04817708333333322
5 0.73046875 0.5683159722222222 0.0734375 0.04545138888888882
117 0.603125 0.5333506944444444 0.04921875 0.039687499999999966
5 0.70625 0.4295486111111111 0.08125 0.04892361111111114
6 0.38046875 0.3463715277777778 0.1359375 0.08963541666666668
5 0.2140625 0.5217361111111112 0.07890625 0.04647569444444457
117 0.6234375 0.49963541666666667 0.06875 0.0366493055555555
117 0.165625 0.4637326388888889 0.046875 0.04270833333333339
117 0.115625 0.4675173611111111 0.05 0.043628472222222214
117 0.17890625 0.45064236111111117 0.04765625 0.042743055555555645
5 0.21953125 0.49493055555555554 0.0953125 0.05032986111111111
5 0.21953125 0.47774305555555563 0.0671875 0.035798611111111
117 0.12578125 0.24909722222222222 0.05078125 0.053038194444444464
117 0.6546875 0.3732465277777778 0.04765625 0.038836805555555555
117 0.621875 0.3567361111111111 0.05 0.035815972222222214
117 0.59140625 0.3338715277777778 0.05546875 0.03215277777777779