127 0.4098495370370371 0.11009837962962962 0.15817708333333336 0.10972222222222223
6 0.6626678240740741 0.0343677662037037 0.1302314814814814 0.0687355324074074
117 0.1703761574074074 0.34597800925925926 0.05998842592592588 0.04100115740740744
117 0.17476273148148147 0.3935185185185185 0.05213541666666668 0.052864583333333395
117 0.6265856481481482 0.21880787037037033 0.0564004629629629 0.03295717592592595
117 0.6536458333333333 0.19875578703703703 0.0839351851851852 0.05133101851851851
117 0.1974826388888889 0.4326388888888889 0.056956018518518545 0.042332175925925954
56 0.11941550925925926 0.044502314814814814 0.13078125000000002 0.08900462962962963
117 0.1409375 0.2861689814814815 0.05355902777777777 0.05063657407407405
117 0.1310185185185185 0.19823495370370373 0.06757523148148148 0.05089699074074074
117 0.12328125000000001 0.1603587962962963 0.05153356481481479 0.042708333333333307
117 0.10733217592592592 0.1560474537037037 0.06210069444444444 0.03726851851851851
5 0.6468113425925927 0.12314814814814815 0.08839120370370371 0.04777199074074075
102 0.4293344907407407 0.21380208333333334 0.31674189814814824 0.1603587962962963
5 0.6451909722222222 0.09580439814814815 0.09408564814814824 0.03885995370370372