39 0.21914351851851852 0.5709201388888889 0.07076967592592594 0.06484375
90 0.29726273148148147 0.5666666666666667 0.07707754629629626 0.07293402777777765
23 0.32917245370370374 0.5488368055555556 0.1802488425925926 0.08376736111111108
108 0.2735416666666667 0.5294270833333334 0.0895833333333333 0.07427083333333329
123 0.7173206018518519 0.09159722222222222 0.06608217592592602 0.06463541666666668
79 0.8069560185185185 0.2704861111111111 0.11469907407407405 0.09100694444444449
123 0.3286053240740741 0.5777777777777778 0.06839120370370377 0.06005208333333343
18 0.37671296296296297 0.5310937499999999 0.07940972222222217 0.07147569444444457
23 0.7233449074074073 0.5883680555555555 0.1866377314814816 0.10279513888888889
39 0.7195775462962963 0.5017881944444444 0.07544560185185176 0.06348958333333332
18 0.7930381944444445 0.5016493055555555 0.0724363425925926 0.0789756944444445
18 0.48802662037037037 0.47144097222222214 0.098298611111111 0.09105902777777786
79 0.4575231481481481 0.5736111111111111 0.11454861111111114 0.07069444444444457
23 0.3924652777777778 0.6530902777777777 0.09653935185185185 0.06442708333333336