14 0.7979166666666666 0.3328993055555555 0.14369212962962977 0.08489583333333339
119 0.4179108796296296 0.3510358796296297 0.1437210648148149 0.08567708333333339
48 0.40772569444444445 0.3292997685185185 0.04956597222222214 0.05226851851851855
54 0.42326388888888894 0.305619212962963 0.1357349537037038 0.10195601851851847
44 0.24059606481481483 0.2489178240740741 0.13680555555555554 0.10978009259259255
12 0.6927372685185185 0.2367476851851852 0.1245081018518519 0.1150636574074074
120 0.5344328703703705 0.18359375 0.12821180555555572 0.08857060185185181
48 0.3193576388888889 0.6026331018518519 0.06536458333333331 0.057187499999999857
112 0.7570891203703705 0.45466435185185183 0.06258680555555571 0.04543402777777779
112 0.8126446759259259 0.4561863425925926 0.04756944444444429 0.04052662037037038
112 0.7780960648148149 0.43090277777777786 0.05486111111111107 0.047662037037036954
120 0.6386863425925926 0.31806134259259256 0.1176793981481481 0.09934606481481474
112 0.7337962962962964 0.31118055555555557 0.04745370370370381 0.037401620370370384
40 0.31770833333333337 0.5581018518518518 0.0625 0.04309027777777778
12 0.8457465277777778 0.25245949074074076 0.1297164351851851 0.1081134259259259
48 0.26990740740740743 0.449375 0.06736111111111107 0.047847222222222284
50 0.7376736111111111 0.3525520833333333 0.09806134259259273 0.05454861111111118
112 0.5483796296296296 0.2224710648148148 0.06134259259259274 0.032922453703703704
40 0.23819444444444446 0.31070601851851853 0.06264467592592596 0.04699652777777778