102 0.42732060185185183 0.2932696759259259 0.28965856481481483 0.13622106481481477
70 0.33568287037037037 0.3114583333333333 0.14800925925925928 0.12943865740740748
70 0.46979745370370374 0.2430787037037037 0.1117997685185184 0.10860532407407408
56 0.476875 0.19705439814814815 0.13390046296296293 0.08317129629629631
117 0.6899942129629629 0.519988425925926 0.06311342592592588 0.057922453703703705
117 0.6447743055555556 0.5326099537037037 0.055798611111111104 0.05234953703703695
127 0.4618113425925926 0.3367824074074074 0.13324074074074072 0.08550347222222224
56 0.1932523148148148 0.31403935185185183 0.13953125000000002 0.08637731481481481
117 0.21734375 0.4676388888888889 0.06563078703703704 0.046250000000000034
117 0.14273148148148146 0.48920717592592594 0.05551504629629633 0.04688078703703695
56 0.3344155092592593 0.21527199074074072 0.13414351851851852 0.08785879629629631
117 0.12728587962962962 0.4553587962962963 0.06250578703703705 0.046203703703703705
117 0.15502314814814816 0.4330960648148148 0.04236689814814816 0.03419560185185198
5 0.2126909722222222 0.4065856481481481 0.08684606481481483 0.04890624999999993
56 0.6142592592592593 0.2616377314814815 0.12156249999999993 0.08611111111111107
117 0.229537037037037 0.44358217592592586 0.05182291666666661 0.03589699074074062
117 0.6831886574074074 0.44013888888888886 0.053171296296296335 0.04684606481481488
117 0.6877372685185186 0.4730439814814815 0.048819444444444395 0.03819444444444429
56 0.15492476851851852 0.25405092592592593 0.12892939814814816 0.0776331018518519
117 0.6694560185185185 0.49388310185185186 0.05741319444444457 0.03832175925925938
117 0.22533564814814816 0.4341377314814815 0.0494386574074074 0.035081018518518546
117 0.1703587962962963 0.37859375 0.041128472222222226 0.040422453703703634
117 0.14413773148148148 0.3414583333333333 0.04437500000000001 0.04281249999999996
117 0.11612268518518518 0.32384259259259257 0.04252893518518519 0.0373206018518518
47 0.40506365740740746 0.2249189814814815 0.11935185185185179 0.07358796296296291