91 0.2703125 0.4764756944444445 0.06892361111111107 0.08903356481481488
17 0.3478877314814815 0.5401909722222222 0.10407986111111107 0.0903356481481481
69 0.43043981481481486 0.4807291666666667 0.11267361111111107 0.06961805555555553
42 0.4682581018518519 0.4307581018518519 0.11730324074074083 0.0900462962962962
8 0.38211805555555556 0.5475405092592592 0.05396412037037042 0.04484953703703702
69 0.4265914351851852 0.37589699074074073 0.10228587962962958 0.08715277777777768
129 0.7068287037037038 0.36238425925925927 0.08914930555555553 0.05706018518518521
129 0.7030671296296296 0.33275462962962965 0.059259259259259164 0.06374421296296298
84 0.741087962962963 0.38070023148148147 0.0919560185185185 0.06339699074074065
130 0.6587384259259259 0.2631076388888889 0.10393518518518512 0.0778645833333333
129 0.3148726851851852 0.33773148148148147 0.06805555555555554 0.05627893518518521
8 0.21976273148148148 0.4814814814814815 0.04690393518518521 0.03368055555555553
8 0.33666087962962965 0.4732349537037037 0.047135416666666693 0.036805555555555536