44 0.7340856481481481 0.29921875 0.13671875 0.10546875
44 0.5919560185185185 0.2984375 0.12146990740740744 0.1
40 0.6422164351851852 0.38984375 0.06061921296296298 0.0484375
14 0.6978009259259259 0.15625 0.1174768518518519 0.0671875
88 0.512181712962963 0.22578125 0.1026331018518519 0.0671875
51 0.46695601851851853 0.2984375 0.109375 0.084375
120 0.38139467592592596 0.240625 0.11420717592592596 0.07578125
44 0.32294560185185184 0.3546875 0.12184606481481479 0.09453125
119 0.3149016203703704 0.1890625 0.11956018518518521 0.07421875
120 0.12737268518518519 0.13671875 0.1330439814814815 0.0875
12 0.15905671296296295 0.2890625 0.1183738425925926 0.1109375
112 0.2616319444444445 0.496875 0.05364583333333339 0.04921875
112 0.19762731481481483 0.475 0.048842592592592604 0.04765625
112 0.22517361111111106 0.46171875 0.050144675925925954 0.03359375
112 0.21354166666666666 0.4078125 0.05211226851851851 0.0390625
112 0.2300636574074074 0.38515625 0.04921875 0.0421875
112 0.21574074074074073 0.3359375 0.04875578703703702 0.0359375
88 0.2609085648148148 0.1375 0.11001157407407405 0.071875
48 0.40115740740740746 0.5328125 0.05847800925925917 0.040625
112 0.21935763888888887 0.31875 0.046961805555555534 0.0328125
12 0.5548321759259259 0.34609375 0.1244212962962962 0.09765625
112 0.11704282407407407 0.2234375 0.03981481481481484 0.03125
112 0.13914930555555555 0.19921875 0.05286458333333335 0.028125
112 0.3314525462962963 0.28203125 0.03993055555555554 0.0328125
112 0.37410300925925927 0.27578125 0.040133101851851816 0.025
40 0.72734375 0.3375 0.05743634259259256 0.04765625
48 0.4468171296296296 0.528125 0.0411168981481481 0.03828125
118 0.43229166666666663 0.365625 0.11114004629629619 0.0765625