80 0.23361111111111113 0.42398726851851853 0.126875 0.12152777777777786
8 0.31038194444444445 0.3877314814814815 0.07095486111111109 0.03718171296296298
8 0.38774305555555555 0.36475694444444445 0.08071180555555557 0.04646990740740744
8 0.64390625 0.3614583333333333 0.044774305555555574 0.043807870370370414
117 0.32704861111111116 0.4452835648148149 0.06703124999999996 0.054021990740740836
48 0.2265451388888889 0.45899884259259255 0.04236111111111107 0.04207175925925917
117 0.6929861111111111 0.38995949074074077 0.06131944444444439 0.04814814814814809
8 0.35109375 0.4395833333333334 0.05706597222222225 0.04004629629629619
8 0.6002083333333333 0.4187789351851852 0.0500694444444445 0.040306712962962975
117 0.78234375 0.37236689814814816 0.043281249999999896 0.04525462962962967
48 0.7351909722222223 0.4401331018518519 0.06715277777777776 0.03923611111111107