96 0.4391435185185185 0.3316261574074074 0.3089467592592593 0.17136574074074068
111 0.23923032407407407 0.5190856481481482 0.08732638888888893 0.08717013888888889
61 0.3140277777777778 0.33984375 0.36451967592592593 0.18871527777777786
111 0.6186111111111112 0.3719618055555555 0.09674768518518526 0.09397569444444454
43 0.45537037037037037 0.35681712962962964 0.25711805555555556 0.1323726851851852
112 0.4253414351851852 0.29563657407407407 0.062013888888888855 0.043501157407407384
112 0.35848958333333336 0.3518576388888889 0.06829282407407407 0.04777777777777779
112 0.20756944444444442 0.4671875 0.053443287037037025 0.046116898148148164
112 0.2396585648148148 0.4612731481481481 0.04789351851851853 0.03485532407407401
112 0.3237384259259259 0.29508680555555555 0.05495370370370374 0.03917824074074074
112 0.19037615740740738 0.3614351851851852 0.06272569444444445 0.03417245370370372
112 0.20499421296296294 0.3927835648148148 0.03851273148148149 0.03351851851851846
112 0.2455439814814815 0.4053472222222222 0.04394675925925924 0.029155092592592524