70 0.3236053240740741 0.26396990740740744 0.15622685185185184 0.13736689814814812
127 0.6766666666666666 0.2980844907407407 0.14244212962962965 0.09734953703703705
56 0.4729976851851852 0.14908564814814812 0.14199652777777771 0.08875578703703706
5 0.1485300925925926 0.4104803240740741 0.10447916666666668 0.057754629629629586
5 0.17119212962962962 0.3507060185185185 0.1011516203703704 0.05380208333333334
117 0.7450520833333333 0.3974594907407408 0.06475694444444446 0.05950810185185187
117 0.7382581018518518 0.35676504629629624 0.06644097222222226 0.061875000000000034
117 0.7553877314814814 0.32579282407407406 0.04399884259259253 0.05061342592592588
127 0.4728819444444444 0.2974074074074074 0.1412962962962963 0.09030671296296297
56 0.18593171296296296 0.2736400462962963 0.1483680555555556 0.09119212962962964
117 0.2608275462962963 0.40824074074074074 0.06887731481481482 0.04864004629629637
117 0.17120949074074074 0.38115162037037037 0.05876157407407412 0.049270833333333285
117 0.7732060185185186 0.3081018518518518 0.059837962962962975 0.03991898148148145
56 0.3241319444444445 0.16873842592592592 0.1421990740740741 0.09266203703703706
117 0.2384722222222222 0.23304398148148148 0.06575231481481474 0.04859375000000003
117 0.2602777777777778 0.21697337962962965 0.052471064814814825 0.048396990740740706
117 0.3100462962962963 0.19819444444444445 0.06530671296296298 0.039999999999999994