112 0.2 0.4370949074074074 0.06484375 0.03677662037037024
44 0.32890625 0.375462962962963 0.1265625 0.10546875
44 0.61171875 0.32421875 0.1234375 0.10066550925925925
88 0.51328125 0.2416666666666667 0.1140625 0.07766203703703703
119 0.35390625 0.3256076388888889 0.10234375 0.07488425925925926
119 0.29921875 0.19389467592592594 0.1109375 0.08692129629629633
51 0.47421875 0.3160011574074074 0.10625 0.08284143518518512
12 0.13828125 0.29809027777777775 0.11484375 0.11909722222222223
120 0.37421875 0.25526620370370373 0.10390625 0.07962962962962958
120 0.08671875 0.14149305555555555 0.1125 0.08229166666666665
112 0.20390625 0.4567708333333334 0.0625 0.03825231481481488
112 0.2328125 0.3781539351851852 0.053125 0.03790509259259256
112 0.17890625 0.3003761574074074 0.05078125 0.044068287037037024
112 0.2359375 0.36108217592592595 0.05 0.03778935185185191
50 0.69453125 0.5507233796296296 0.09765625 0.06455439814814809
112 0.22265625 0.31137152777777777 0.0453125 0.036834490740740744
48 0.71015625 0.5013020833333334 0.0703125 0.044791666666666785
48 0.67109375 0.512355324074074 0.05703125 0.04976851851851851
48 0.72265625 0.5283275462962963 0.0609375 0.050694444444444466
112 0.11640625 0.2613425925925926 0.0296875 0.03703703703703702
44 0.753125 0.3310185185185185 0.13515625 0.10813078703703702
14 0.70703125 0.1793113425925926 0.1328125 0.08460648148148149
112 0.09765625 0.18408564814814815 0.0390625 0.03425925925925925
40 0.659375 0.40410879629629626 0.0625 0.06168981481481488