48 0.71640625 0.4565740740740741 0.0578125 0.046950231481481454
112 0.221875 0.4076504629629629 0.0625 0.034519675925925954
48 0.190625 0.441707175925926 0.05625 0.03989583333333328
44 0.33828125 0.33873842592592596 0.121875 0.09868055555555558
44 0.6109375 0.27532407407407405 0.11875 0.09472800925925924
88 0.47109375 0.34067708333333335 0.11953125 0.07598958333333332
88 0.515625 0.2009548611111111 0.109375 0.07193287037037033
119 0.3625 0.2891608796296296 0.0984375 0.07020833333333334
119 0.3109375 0.16570601851851852 0.10703125 0.08127314814814812
51 0.478125 0.27416666666666667 0.10234375 0.07729745370370367
12 0.1546875 0.27348958333333334 0.1109375 0.1125810185185185
120 0.3828125 0.22089120370370371 0.1 0.07413773148148142
120 0.10546875 0.12578125 0.1078125 0.0765972222222222
112 0.24609375 0.34635416666666663 0.06015625 0.0352662037037037
112 0.2546875 0.3165393518518519 0.05078125 0.03512731481481488
112 0.35 0.26825231481481476 0.04921875 0.04135416666666671
112 0.234375 0.2809027777777778 0.04765625 0.035081018518518546
50 0.68671875 0.42342013888888885 0.09453125 0.05999421296296301
40 0.68671875 0.40076388888888886 0.065625 0.04628472222222228
112 0.11484375 0.16001736111111112 0.04375 0.03424189814814813
48 0.71640625 0.3159490740740741 0.0671875 0.04162037037037036
48 0.70078125 0.2653993055555556 0.0546875 0.04612268518518521
48 0.753125 0.2638425925925926 0.05859375 0.04774305555555554