119 0.22133680555555557 0.2552083333333333 0.11299768518518523 0.09468750000000004
14 0.39251157407407405 0.24171874999999998 0.14218171296296306 0.10130208333333339
122 0.5489814814814815 0.22958333333333333 0.22155671296296298 0.1276041666666666
50 0.5532986111111111 0.22364583333333332 0.10375000000000015 0.06994791666666664
120 0.5356712962962963 0.26760416666666664 0.11942708333333343 0.08499999999999996
88 0.20008680555555552 0.3168229166666666 0.11965856481481482 0.08890624999999996
51 0.3407928240740741 0.3013020833333333 0.15210648148148148 0.09807291666666665
119 0.37505208333333334 0.35416666666666663 0.11846064814814819 0.08182291666666668
112 0.7070601851851851 0.4284375000000001 0.04215856481481488 0.04171875000000007
112 0.697355324074074 0.4091145833333333 0.04514467592592588 0.039583333333333394
44 0.49029513888888887 0.32916666666666666 0.15114583333333337 0.10812499999999999