88 0.13720486111111113 0.33504050925925927 0.11980902777777777 0.08718171296296298
50 0.16666666666666666 0.4518518518518519 0.10225694444444447 0.07013888888888893
119 0.31473958333333335 0.3682002314814815 0.11887152777777779 0.08012152777777785
112 0.18111111111111114 0.611111111111111 0.044513888888888874 0.03599537037037024
44 0.43501736111111117 0.3390335648148148 0.15145833333333342 0.10630787037037041
120 0.06093315972222222 0.11400462962962962 0.12186631944444444 0.08660300925925926
14 0.6799479166666667 0.15419560185185185 0.11909722222222215 0.09027777777777776
88 0.2423784722222222 0.14111689814814815 0.1141319444444445 0.0776041666666667
40 0.65453125 0.45350115740740743 0.06723958333333328 0.03995949074074083
119 0.6122048611111112 0.387818287037037 0.11343749999999986 0.08148148148148149
48 0.2876909722222222 0.6705729166666666 0.0625694444444445 0.04056712962962976
44 0.04845920138888889 0.25656828703703705 0.09691840277777777 0.09516782407407405
40 0.15979166666666667 0.4797453703703704 0.06255208333333333 0.03978587962962976
48 0.1857638888888889 0.5424768518518519 0.06723958333333338 0.03995949074074083
112 0.1827777777777778 0.500925925925926 0.05689236111111109 0.030989583333333216
112 0.11098958333333334 0.28324652777777776 0.051545138888888876 0.036255787037037024
112 0.5483333333333333 0.6935185185185185 0.050729166666666714 0.034664351851851904
112 0.13835069444444445 0.5649594907407407 0.03817708333333334 0.03185763888888893
51 0.33140625 0.46264467592592595 0.12868055555555555 0.1
48 0.49861111111111106 0.6791666666666667 0.060277777777777784 0.04282407407407405
48 0.5793229166666667 0.6712094907407408 0.04925347222222225 0.03851273148148149
54 0.24973958333333335 0.4783854166666666 0.12553819444444442 0.09910300925925916
120 0.08862847222222223 0.4802372685185185 0.13300347222222222 0.08376736111111108
112 0.6693229166666667 0.49157986111111107 0.039201388888889 0.04282407407407405
88 0.6283680555555555 0.3289930555555555 0.11965277777777779 0.08015046296296298
112 0.6323784722222222 0.6763020833333334 0.05684027777777771 0.028645833333333214
14 0.23960069444444443 0.26611689814814815 0.12289930555555557 0.08573495370370372
48 0.6142881944444445 0.6107349537037037 0.07026041666666671 0.035387731481481485
112 0.6627083333333333 0.40219907407407407 0.0352256944444445 0.039554398148148096
119 0.6936631944444445 0.3814525462962963 0.09309027777777779 0.07916666666666669
48 0.6348611111111111 0.6349537037037037 0.06258680555555554 0.04134837962962958
112 0.6807638888888888 0.4693287037037037 0.055451388888888786 0.036400462962962975
112 0.06503472222222222 0.16973379629629629 0.06786458333333334 0.03295717592592595
122 0.39902777777777776 0.19930555555555557 0.0580034722222222 0.04586226851851851