50 0.22421875 0.54609375 0.1109375 0.06640625
14 0.71328125 0.3578125 0.12578125 0.07421875
119 0.3734375 0.36875 0.12578125 0.075
54 0.3796875 0.328125 0.11796875 0.08984375
44 0.21796875 0.275 0.11875 0.09609375
88 0.35390625 0.2453125 0.11015625 0.07421875
12 0.621875 0.2703125 0.10703125 0.10078125
51 0.490625 0.278125 0.1109375 0.08046875
120 0.4828125 0.22109375 0.11171875 0.07734375
40 0.2140625 0.45625 0.0703125 0.0546875
48 0.2421875 0.41328125 0.05703125 0.05
112 0.64609375 0.37734375 0.0546875 0.03984375
112 0.64921875 0.3515625 0.04765625 0.04140625
112 0.5578125 0.25234375 0.04140625 0.0328125