84 0.38328703703703704 0.6713425925925925 0.09178819444444439 0.05223958333333343
42 0.3791956018518518 0.4854456018518519 0.15461226851851856 0.0964525462962964
129 0.35639467592592594 0.6106076388888889 0.0652256944444444 0.05204282407407401
129 0.32614583333333336 0.5811458333333334 0.0714236111111111 0.045057870370370345
129 0.38079861111111113 0.5854282407407407 0.08084490740740743 0.05137731481481467
129 0.3880034722222222 0.5619386574074074 0.0714641203703704 0.05052662037037035
129 0.36788194444444444 0.5363078703703703 0.06830439814814807 0.045815972222222355
2 0.4390219907407408 0.52953125 0.11996527777777785 0.05947916666666657
130 0.3017303240740741 0.6078877314814815 0.0894733796296296 0.05612847222222221
69 0.5976157407407408 0.5283564814814815 0.09286458333333343 0.09208912037037038
8 0.5773900462962963 0.6222511574074074 0.05657986111111111 0.04494791666666664
8 0.5228240740740742 0.60625 0.05413773148148131 0.031649305555555604
8 0.4485358796296296 0.6161747685185185 0.05723379629629619 0.027766203703703772
91 0.7261863425925925 0.5727141203703704 0.08961805555555565 0.07565972222222221
84 0.2486284722222222 0.6051562500000001 0.09090277777777782 0.0381712962962963
17 0.5284548611111111 0.5843344907407408 0.10837962962962955 0.07736111111111121
42 0.5338715277777778 0.48586226851851855 0.10921875000000014 0.08517939814814816
17 0.6442997685185186 0.6592534722222222 0.11553819444444446 0.0946006944444445
69 0.5657928240740742 0.39500578703703704 0.12410300925925917 0.09075810185185187
129 0.2693981481481481 0.5432870370370371 0.09026620370370378 0.05769675925925917
8 0.6443287037037038 0.5498842592592592 0.04005208333333332 0.028420138888888856
8 0.7628819444444443 0.5755671296296296 0.04949074074074069 0.03708333333333336