34 0.2998784722222222 0.410625 0.11934027777777781 0.08046875
8 0.8008912037037037 0.45182291666666663 0.05340856481481495 0.039427083333333356
97 0.8164699074074073 0.5565625 0.10256944444444435 0.09338541666666664
61 0.8146354166666667 0.6788541666666668 0.3333738425925926 0.1727083333333333
112 0.9071296296296296 0.7216666666666667 0.05527199074074076 0.049687499999999926
8 0.8963020833333333 0.4878125000000001 0.06043981481481495 0.03989583333333328
8 0.8428993055555555 0.47489583333333335 0.07034143518518512 0.03197916666666671
8 0.9118287037037037 0.45921874999999995 0.05871527777777778 0.03432291666666672
8 0.8596875 0.43624999999999997 0.05942708333333328 0.03203125
112 0.7547858796296296 0.7115104166666667 0.050740740740740795 0.02833333333333332
112 0.692181712962963 0.6511979166666666 0.05177662037037045 0.036979166666666785
112 0.8712962962962962 0.67015625 0.05260416666666643 0.03859375000000007