14 0.7303877314814815 0.3466666666666667 0.13339699074074077 0.07673611111111107
119 0.3818634259259259 0.3557986111111111 0.133443287037037 0.07751736111111107
88 0.3632291666666666 0.3049016203703704 0.12212962962962966 0.05791087962962962
44 0.2167939814814815 0.25852430555555556 0.1277546296296296 0.10012152777777779
12 0.6320949074074074 0.25613425925925926 0.11631365740740733 0.10472222222222224
120 0.48538194444444444 0.20506944444444447 0.11951967592592591 0.0797569444444445
48 0.28816550925925927 0.580005787037037 0.06164930555555559 0.05199652777777786
112 0.7091840277777777 0.4105439814814815 0.05865740740740755 0.04104166666666664
112 0.7065046296296297 0.37850694444444444 0.04514467592592588 0.03703703703703702
112 0.6243344907407408 0.37555555555555553 0.05176504629629637 0.043333333333333356
120 0.5841493055555556 0.3299652777777778 0.11001157407407405 0.09061921296296296
112 0.6605960648148148 0.3812905092592592 0.044959490740740723 0.033912037037037025
12 0.7729571759259259 0.2743576388888889 0.1205844907407407 0.0977256944444445
48 0.2758333333333333 0.5432118055555556 0.06270254629629628 0.04341435185185176
40 0.2905150462962963 0.5932986111111112 0.05875000000000004 0.042604166666666644
112 0.5861053240740741 0.28390624999999997 0.04601851851851855 0.03860532407407406
112 0.5539756944444444 0.2688310185185185 0.05438078703703706 0.034762731481481526
48 0.24218171296296295 0.515630787037037 0.06508680555555557 0.03093749999999993
40 0.211087962962963 0.34672453703703704 0.07608217592592599 0.05835069444444443
50 0.6358333333333333 0.5037094907407408 0.09037615740740748 0.062361111111111