111 0.673755787037037 0.5123263888888889 0.10173611111111107 0.09236689814814802
61 0.43211805555555555 0.3197453703703704 0.3797453703703704 0.19129050925925933
112 0.6717303240740741 0.3716608796296296 0.044878472222222146 0.02832754629629628
112 0.37690972222222224 0.37201967592592594 0.051880787037037024 0.038854166666666676
112 0.2583622685185185 0.6178356481481482 0.055526620370370414 0.046070601851851835
112 0.24965277777777778 0.3048900462962963 0.03802083333333339 0.030254629629629548
112 0.31759259259259254 0.2697511574074074 0.06391782407407405 0.033344907407407386
112 0.7093460648148149 0.3678761574074074 0.03981481481481488 0.033472222222222216
112 0.2221064814814815 0.6137615740740741 0.0432581018518519 0.027453703703703702
111 0.30593171296296295 0.35366898148148146 0.08246527777777786 0.06322337962962958
112 0.24751157407407404 0.5858101851851851 0.04655671296296297 0.029982638888888857
112 0.20564236111111112 0.4475057870370371 0.06579861111111107 0.04823495370370381
112 0.25130208333333337 0.3351273148148148 0.04487847222222223 0.028327546296296368
106 0.47097800925925926 0.09965277777777778 0.1320023148148149 0.0809375