70 0.39719328703703705 0.2518229166666667 0.15454282407407405 0.14265625
70 0.5301446759259258 0.17005208333333333 0.11673032407407398 0.11911458333333332
56 0.5331018518518519 0.12125 0.1403530092592593 0.09421875000000002
5 0.22710069444444442 0.5093229166666667 0.10287615740740748 0.062135416666666644
5 0.27675925925925926 0.4691666666666666 0.10032986111111111 0.058072916666666786
117 0.7848611111111111 0.48625000000000007 0.06561921296296305 0.06432291666666679
117 0.7652199074074074 0.4703125 0.05826388888888889 0.05760416666666668
127 0.5320428240740741 0.2671354166666667 0.13891203703703708 0.09645833333333335
56 0.2498206018518519 0.2671354166666666 0.1459432870370371 0.09692708333333329
117 0.27369212962962963 0.39489583333333333 0.06805555555555554 0.05124999999999993
117 0.2094733796296296 0.4415104166666667 0.057939814814814826 0.05135416666666668
56 0.3857581018518519 0.15223958333333334 0.1405555555555555 0.09812500000000002
117 0.23006365740740745 0.40015625000000005 0.06493055555555553 0.05104166666666661
5 0.3359722222222222 0.2504166666666667 0.06118634259259252 0.05390625
56 0.6825578703703703 0.17635416666666667 0.1272337962962963 0.09645833333333335
117 0.6169328703703704 0.18072916666666666 0.05424768518518519 0.04020833333333336