14 0.7181828703703703 0.08124999999999999 0.11614004629629626 0.07809606481481482
112 0.20550925925925925 0.41235532407407405 0.04792824074074078 0.04024884259259256
88 0.26413194444444443 0.09534143518518519 0.10836226851851852 0.08220486111111111
14 0.21970486111111112 0.323755787037037 0.0997395833333333 0.07766203703703703
118 0.4666666666666667 0.3171875 0.10677662037037035 0.07896412037037041
50 0.3512731481481482 0.25147569444444445 0.11695601851851851 0.08284143518518512
112 0.18796875 0.36597222222222225 0.050260416666666655 0.03885995370370372
12 0.5891608796296296 0.28622685185185187 0.1258217592592592 0.12019675925925925
112 0.20531828703703706 0.38657407407407407 0.053321759259259235 0.030497685185185208
88 0.3492881944444444 0.1945601851851852 0.10192708333333336 0.05674189814814814
112 0.15496527777777777 0.34262152777777777 0.033038194444444446 0.032899305555555536
12 0.6213715277777778 0.20254629629629628 0.12892361111111122 0.11730324074074075
51 0.49406828703703703 0.21744791666666666 0.11542824074074076 0.08741319444444447
112 0.14460069444444446 0.31524884259259256 0.03219907407407403 0.02502893518518512
120 0.49285300925925923 0.15891203703703702 0.12004050925925931 0.0776041666666667
44 0.21833912037037034 0.2449074074074074 0.12335648148148151 0.10361689814814819