114 0.4530208333333333 0.39371527777777776 0.10744791666666664 0.053894675925925915
3 0.3748958333333333 0.4880902777777777 0.12296874999999989 0.0992997685185184
5 0.7282291666666667 0.4299768518518519 0.08151041666666661 0.05135995370370381
5 0.7162499999999999 0.3909837962962963 0.08296874999999986 0.038096064814814846
5 0.25833333333333336 0.47488425925925926 0.09500000000000001 0.04287037037037038
5 0.25286458333333334 0.5100983796296296 0.08114583333333333 0.04589120370370381
5 0.23463541666666665 0.44770254629629636 0.08156249999999998 0.040428240740740765
45 0.2890625 0.208900462962963 0.15494791666666669 0.08704282407407407
132 0.31963541666666667 0.13989004629629628 0.09359374999999996 0.06862847222222221
112 0.35671875000000003 0.1333622685185185 0.05276041666666664 0.03006365740740744
112 0.61109375 0.15023726851851854 0.04135416666666671 0.034664351851851814
97 0.42046875000000006 0.18682291666666667 0.09041666666666667 0.09125000000000005