47 0.4905150462962963 0.3273668981481482 0.1639120370370371 0.0969444444444445
70 0.4489699074074074 0.29219328703703706 0.13289351851851858 0.11457754629629627
6 0.1754513888888889 0.1692824074074074 0.12287037037037037 0.10152199074074075
56 0.6745891203703704 0.19730324074074074 0.13011574074074073 0.09104745370370373
127 0.6816319444444444 0.39321180555555557 0.14101273148148152 0.0909143518518519
117 0.8044155092592593 0.4479976851851852 0.0635011574074074 0.03803240740740747
117 0.7563946759259259 0.4381423611111111 0.04721643518518519 0.03940393518518519
117 0.7690798611111112 0.41241319444444446 0.0470543981481482 0.03627893518518519
5 0.1955150462962963 0.33091435185185186 0.07340277777777779 0.04874421296296294
5 0.18702546296296294 0.30237268518518523 0.08315393518518518 0.04153356481481474
85 0.5028298611111112 0.5648668981481482 0.14071759259259267 0.10024305555555557