14 0.71328125 0.3578125 0.12578125 0.07421875
119 0.3734375 0.36875 0.12578125 0.075
88 0.3578125 0.31953125 0.115625 0.05546875
44 0.21796875 0.275 0.11875 0.09609375
120 0.4828125 0.22109375 0.11171875 0.07734375
48 0.31171875 0.64296875 0.05703125 0.05
112 0.65 0.3265625 0.0546875 0.03984375
120 0.57109375 0.3421875 0.10234375 0.0875
12 0.75859375 0.28671875 0.1125 0.09453125
48 0.28828125 0.61328125 0.05078125 0.03515625
40 0.21015625 0.421875 0.0546875 0.040625
48 0.27421875 0.5890625 0.06171875 0.0296875