119 0.23186342592592593 0.29625 0.11051504629629631 0.0921875
14 0.4020949074074074 0.28250000000000003 0.13891782407407405 0.09875000000000007
50 0.6567824074074075 0.2994791666666667 0.10131365740740747 0.0682291666666666
120 0.5401851851851852 0.3081770833333334 0.11699074074074076 0.08328124999999993
88 0.20398726851851853 0.35635416666666664 0.11717592592592592 0.08640625000000002
51 0.3444849537037037 0.34140625 0.1488888888888889 0.09630208333333332
119 0.37203703703703705 0.39265625000000004 0.11602430555555551 0.08010416666666664
112 0.6929456018518518 0.5230729166666667 0.041284722222222216 0.04010416666666679
112 0.7021932870370371 0.499375 0.04431712962962955 0.03874999999999993
44 0.4887326388888889 0.36906249999999996 0.14788194444444436 0.10557291666666675
120 0.13656828703703702 0.14401041666666664 0.12494212962962963 0.08614583333333332
40 0.5921643518518518 0.41046875 0.04942129629629619 0.04609375
112 0.6090451388888889 0.3770833333333333 0.047395833333333394 0.03817708333333334
112 0.5691608796296297 0.36187500000000006 0.047528935185185264 0.027291666666666714
54 0.6955555555555556 0.33343749999999994 0.10513888888888889 0.09338541666666664