80 0.69375 0.50859375 0.13671875 0.1015625
117 0.23359375 0.5625 0.07109375 0.05390625
8 0.559375 0.3234375 0.08125 0.0375
8 0.41796875 0.3515625 0.053125 0.0328125
8 0.56796875 0.365625 0.0609375 0.028125
67 0.27265625 0.284375 0.06015625 0.0390625
117 0.515625 0.21875 0.05234375 0.03671875
117 0.328125 0.20625 0.06640625 0.04765625
48 0.34375 0.2421875 0.046875 0.04140625
117 0.38125 0.21796875 0.05078125 0.0390625
117 0.3984375 0.1890625 0.046875 0.03984375
117 0.44375 0.17421875 0.046875 0.040625
8 0.40390625 0.328125 0.05546875 0.0296875
8 0.440625 0.3109375 0.07578125 0.02734375