14 0.71328125 0.3578125 0.12578125 0.07421875
119 0.3734375 0.36875 0.12578125 0.075
88 0.3578125 0.31953125 0.115625 0.05546875
44 0.21796875 0.275 0.11875 0.09609375
12 0.621875 0.2703125 0.10703125 0.10078125
120 0.4828125 0.22109375 0.11171875 0.07734375
48 0.23828125 0.49453125 0.05703125 0.05
112 0.64296875 0.47578125 0.0546875 0.03984375
112 0.690625 0.46640625 0.04140625 0.03515625
112 0.66015625 0.4453125 0.04765625 0.04140625
120 0.57109375 0.3421875 0.10234375 0.0875
112 0.64296875 0.3703125 0.04140625 0.0328125
12 0.75859375 0.28671875 0.1125 0.09453125
48 0.24296875 0.45859375 0.05859375 0.0421875
40 0.25 0.540625 0.0546875 0.040625
112 0.66015625 0.33984375 0.0421875 0.03671875
112 0.50625 0.2609375 0.05078125 0.03359375