51 0.484375 0.29126157407407405 0.11640625 0.07906828703703699
118 0.36640625 0.29847800925925927 0.10859375 0.08051504629629633
54 0.5140625 0.23457175925925924 0.103125 0.08043402777777775
48 0.69609375 0.4725 0.053125 0.041412037037036956
44 0.621875 0.28844328703703703 0.10546875 0.1015625
40 0.70078125 0.5146180555555555 0.04453125 0.04206597222222221
120 0.396875 0.2308391203703704 0.11171875 0.07431134259259267
12 0.17421875 0.28257523148148145 0.12265625 0.10259837962962966
88 0.484375 0.35688657407407404 0.103125 0.06637152777777774
48 0.64609375 0.32949074074074075 0.05390625 0.045329861111111036
112 0.27265625 0.31783564814814813 0.0515625 0.038263888888888965