16 0.22653935185185184 0.5308159722222222 0.25089699074074073 0.12850115740740745
117 0.23777777777777778 0.46631944444444445 0.06597800925925927 0.04960069444444457
117 0.5994965277777778 0.37159143518518517 0.058206018518518476 0.05483796296296299
86 0.20618634259259258 0.5247453703703704 0.10277777777777777 0.06162615740740733
124 0.3587210648148148 0.6604861111111111 0.2782465277777778 0.13009259259259257
48 0.36074074074074075 0.4059143518518519 0.058113425925925985 0.042337962962962904
117 0.7064814814814815 0.47395833333333337 0.04402777777777782 0.03879629629629626
8 0.4185474537037037 0.40684606481481483 0.039282407407407405 0.030844907407407262
8 0.4919097222222222 0.3988657407407407 0.06901041666666678 0.03719328703703706
117 0.542511574074074 0.37615162037037037 0.05662615740740744 0.052447916666666664
48 0.6403761574074074 0.4071701388888888 0.05581018518518519 0.04773726851851841
8 0.42825810185185187 0.34699074074074077 0.06203125000000007 0.04401620370370374
8 0.5018402777777778 0.3686979166666667 0.03695601851851862 0.03311921296296294