114 0.42463541666666665 0.40815393518518517 0.10467013888888896 0.05537615740740733
3 0.31829861111111113 0.5259375000000001 0.11996527777777777 0.1010821759259258
5 0.7090451388888889 0.5226909722222223 0.07960069444444447 0.05307291666666671
5 0.7088888888888889 0.5016203703703704 0.0813194444444445 0.03907986111111121
5 0.2757291666666667 0.4809837962962963 0.09249999999999999 0.04487268518518519
5 0.2850520833333333 0.46253472222222225 0.07986111111111108 0.04137731481481488
45 0.25418402777777777 0.2595428240740741 0.15140624999999996 0.08875000000000002
132 0.28850694444444447 0.20672453703703705 0.09126736111111108 0.0698032407407407
112 0.6666319444444444 0.2530381944444445 0.0405555555555555 0.03475115740740744
97 0.27600694444444446 0.2765740740740741 0.15906250000000002 0.06791087962962958
114 0.5188541666666666 0.29859375000000005 0.0987673611111111 0.06300347222222218
114 0.378125 0.29208333333333336 0.10185763888888885 0.062314814814814844