127 0.45140624999999995 0.19443287037037038 0.1458333333333334 0.09813078703703706
117 0.32244791666666667 0.5307118055555555 0.05234375 0.038119212962963014
56 0.18505208333333334 0.12864583333333332 0.12000000000000002 0.08414930555555555
117 0.24057291666666666 0.5614467592592594 0.06218750000000002 0.04570601851851848
5 0.709375 0.5697453703703703 0.08145833333333333 0.04295717592592592
102 0.6115104166666667 0.4547569444444445 0.30546875 0.1581712962962964
5 0.7151562499999999 0.5388136574074075 0.08635416666666665 0.03468750000000007
70 0.46911458333333333 0.26005208333333335 0.11244791666666672 0.1109375
6 0.3291666666666667 0.25501157407407404 0.12026041666666672 0.08805555555555555
56 0.6019791666666666 0.22943287037037038 0.13713541666666665 0.09605902777777775
117 0.7620833333333333 0.4074016203703704 0.05932291666666671 0.04942708333333332
117 0.7177604166666667 0.4249305555555556 0.05166666666666657 0.051307870370370344
117 0.274375 0.539050925925926 0.06260416666666666 0.04028356481481481
117 0.6841145833333333 0.4026099537037037 0.053749999999999964 0.047540509259259164
5 0.6965625 0.25990740740740736 0.06895833333333332 0.04221643518518512
5 0.68859375 0.21096643518518515 0.07619791666666664 0.04575810185185185
6 0.42828124999999995 0.32992476851851854 0.12848958333333335 0.08309606481481477
5 0.2797395833333333 0.38421875 0.07265625 0.050995370370370365
5 0.30343749999999997 0.3632060185185185 0.06739583333333332 0.030451388888888875
5 0.32984375 0.3475231481481481 0.0744791666666667 0.043321759259259275
117 0.59984375 0.25622685185185184 0.06453124999999993 0.03417245370370363