111 0.7066087962962964 0.5969270833333333 0.1078530092592592 0.09979166666666668
61 0.44475694444444447 0.35671875000000003 0.4037557870370371 0.20822916666666663
112 0.7022627314814816 0.4452604166666667 0.047714120370370414 0.030416666666666713
112 0.3861400462962963 0.4061458333333333 0.054612268518518546 0.041770833333333354
112 0.26387731481481486 0.6560416666666666 0.058981481481481524 0.049843749999999964
112 0.2495486111111111 0.31546875 0.04004050925925924 0.03223958333333332
112 0.32185185185185183 0.2865625 0.06752314814814815 0.036406250000000015
112 0.742199074074074 0.4463541666666666 0.042615740740740725 0.03630208333333336
112 0.2244502314814815 0.6463541666666666 0.04615162037037042 0.03031250000000014
111 0.30945023148148143 0.37671875000000005 0.08656249999999996 0.06880208333333329
112 0.25116319444444446 0.6191145833333334 0.049415509259259235 0.03286458333333329
112 0.20462962962962963 0.4646354166666667 0.0692303240740741 0.05208333333333339
112 0.25072916666666667 0.34848958333333335 0.04776041666666666 0.031197916666666624
106 0.48291087962962964 0.12317708333333335 0.13983217592592592 0.08791666666666664