70 0.3111111111111111 0.26403935185185184 0.14902777777777781 0.13635995370370377
70 0.44786458333333334 0.18815972222222221 0.11262152777777779 0.11420138888888891
56 0.4544097222222222 0.13956018518518518 0.13625000000000007 0.0883564814814815
5 0.12364583333333334 0.5139641203703704 0.10043402777777777 0.057627314814814846
5 0.17602430555555554 0.4757175925925926 0.09802083333333331 0.05443287037037052
117 0.6764756944444444 0.5108564814814816 0.06303819444444443 0.06120370370370374
117 0.6581076388888889 0.49422453703703706 0.05586805555555543 0.054745370370370236
127 0.44260416666666663 0.2843460648148148 0.13552083333333337 0.09067708333333328
56 0.16333333333333333 0.27388310185185183 0.14256944444444447 0.0916666666666667
117 0.1784548611111111 0.4014756944444445 0.0666666666666667 0.048819444444444395
117 0.11111111111111112 0.445630787037037 0.056527777777777774 0.0492997685185184
56 0.30628472222222225 0.1650289351851852 0.1363368055555556 0.09226273148148145
117 0.1346527777777778 0.40511574074074075 0.06354166666666665 0.0487268518518519
5 0.25027777777777777 0.2611574074074074 0.059687499999999984 0.05095486111111107
56 0.59828125 0.20009837962962962 0.12381944444444457 0.09111111111111114
117 0.5326736111111111 0.2012615740740741 0.05315972222222225 0.038269675925925915