127 0.4579513888888889 0.25672453703703707 0.14914351851851854 0.10410879629629637
6 0.7074479166666666 0.20357060185185186 0.12173032407407405 0.09311342592592595
117 0.2166840277777778 0.47201388888888884 0.04800925925925927 0.05048032407407419
117 0.1825636574074074 0.3989293981481481 0.05340277777777778 0.04064814814814817
56 0.18075231481481482 0.15439814814814815 0.12248263888888884 0.0892534722222222
117 0.24197337962962964 0.40713541666666664 0.049554398148148146 0.04822916666666668
117 0.21747106481481482 0.3674189814814815 0.0636111111111111 0.04828124999999996
5 0.7133622685185186 0.3694733796296296 0.08389467592592581 0.04557870370370374
5 0.7170717592592593 0.34314236111111107 0.09007523148148149 0.03657407407407405
5 0.6988888888888889 0.3131712962962963 0.0737094907407407 0.04107060185185185
70 0.4725347222222222 0.32787037037037037 0.11254050925925921 0.11755787037037031