119 0.22781250000000003 0.2864988425925926 0.10520833333333339 0.08278356481481479
14 0.39217013888888885 0.2610706018518519 0.13276041666666671 0.08767361111111108
50 0.6801041666666666 0.4424710648148148 0.09638888888888886 0.06006944444444429
120 0.5250694444444445 0.27570601851851856 0.11104166666666657 0.07345486111111103
88 0.20177083333333332 0.3452662037037037 0.11199652777777783 0.07736689814814816
51 0.33715277777777775 0.3216145833333333 0.14199652777777771 0.08461805555555557
119 0.36475694444444445 0.3682696759259259 0.11015625 0.07110532407407408
112 0.16560763888888888 0.36818287037037034 0.04126736111111109 0.032326388888888856
112 0.68296875 0.36044560185185187 0.04215277777777793 0.0346759259259259
44 0.4762673611111111 0.3369849537037037 0.14085069444444437 0.09398148148148149
120 0.1348784722222222 0.1458275462962963 0.11899305555555557 0.07663773148148145
112 0.6855555555555556 0.49553819444444447 0.04527777777777793 0.03469907407407415
112 0.14661458333333335 0.33864583333333337 0.0455729166666667 0.023767361111111107
54 0.6744444444444444 0.2886574074074074 0.09980902777777771 0.0843055555555555
14 0.7044618055555556 0.15800925925925927 0.11131944444444439 0.07970486111111112
48 0.6802083333333334 0.5455613425925926 0.05244791666666657 0.03787615740740744
88 0.3020138888888889 0.16333333333333333 0.10689236111111108 0.06795717592592591
119 0.6326562499999999 0.3678472222222222 0.10550347222222207 0.07185185185185183
40 0.61375 0.38907407407407407 0.048680555555555574 0.040972222222222146
112 0.6518923611111112 0.3567708333333333 0.04239583333333332 0.040144675925925986
48 0.6919618055555555 0.40411458333333333 0.05859375 0.03557870370370377
112 0.12697916666666667 0.23570023148148148 0.03979166666666667 0.016695601851851906
112 0.14480902777777777 0.2035474537037037 0.0515625 0.03552662037037031