70 0.40599537037037037 0.28671875 0.11502893518518516 0.11342013888888891
6 0.26307870370370373 0.2662673611111111 0.12375000000000007 0.08965277777777772
56 0.5417824074074075 0.3217361111111111 0.13560763888888888 0.09251736111111111
56 0.5464467592592592 0.2694618055555556 0.14057291666666671 0.09741319444444443
117 0.6015972222222222 0.5813194444444444 0.05296296296296284 0.05222222222222221
117 0.5677372685185185 0.5578819444444445 0.055075231481481524 0.048420138888888783
5 0.6569270833333334 0.5861284722222223 0.07111111111111104 0.0428993055555555
117 0.5175983796296297 0.5580034722222222 0.04900462962962955 0.03802083333333321
5 0.635613425925926 0.45671875 0.07910879629629637 0.046371527777777824
6 0.355 0.35416666666666663 0.1328009259259259 0.08460069444444444
5 0.21023726851851848 0.563142361111111 0.07740740740740737 0.04395833333333332
117 0.6320775462962963 0.5560416666666667 0.06674189814814824 0.03491319444444443
117 0.17754050925925927 0.5068576388888889 0.046799768518518504 0.040260416666666646
117 0.17482060185185183 0.5263194444444445 0.049971064814814795 0.041180555555555644
117 0.15627893518518518 0.4690972222222222 0.046799768518518504 0.040260416666666646
5 0.19848379629629628 0.5367708333333333 0.09321759259259262 0.04777777777777779
5 0.21769675925925927 0.5297916666666667 0.06513310185185181 0.034062499999999926
127 0.07414351851851853 0.2821527777777778 0.1400636574074074 0.08881944444444442
117 0.14813657407407407 0.38178819444444445 0.05126157407407406 0.049809027777777806
117 0.6469328703703704 0.42432291666666666 0.047395833333333214 0.03717013888888889
117 0.6208854166666666 0.4012326388888889 0.0487268518518519 0.033333333333333395
117 0.5856423611111111 0.38791666666666663 0.054010416666666575 0.030451388888888965
5 0.22703703703703706 0.5043576388888888 0.053003472222222216 0.03975694444444446
117 0.6174710648148147 0.32666666666666666 0.04059606481481488 0.04076388888888891