60 0.24140625 0.50703125 0.13359375 0.08203125
55 0.23046875 0.44296875 0.13984375 0.08046875
22 0.2609375 0.353125 0.15859375 0.09609375
109 0.2640625 0.31875 0.1546875 0.06328125
111 0.67421875 0.346875 0.07421875 0.05546875
111 0.6875 0.37578125 0.0625 0.07421875
111 0.1921875 0.36875 0.0625 0.0765625
111 0.190625 0.346875 0.06796875 0.05703125
116 0.28125 0.23984375 0.10859375 0.0875
90 0.30546875 0.20859375 0.05390625 0.040625
90 0.31796875 0.18515625 0.05625 0.0578125
20 0.18359375 0.29609375 0.06953125 0.05078125
20 0.28203125 0.28671875 0.059375 0.03828125