108 0.21640625 0.534375 0.10859375 0.06484375
23 0.2671875 0.46484375 0.13984375 0.065625
23 0.56484375 0.25078125 0.1578125 0.07109375
18 0.52890625 0.19296875 0.08984375 0.046875
79 0.58671875 0.38125 0.121875 0.05625
90 0.5796875 0.340625 0.1015625 0.0484375
112 0.20078125 0.46015625 0.04375 0.0296875
112 0.2203125 0.42734375 0.03984375 0.02109375
123 0.24765625 0.41484375 0.084375 0.0484375
112 0.3171875 0.47109375 0.0515625 0.03203125
112 0.34921875 0.44765625 0.05 0.028125
112 0.3 0.4234375 0.02890625 0.03203125