127 0.434375 0.21875 0.1375 0.0890625
117 0.28515625 0.54296875 0.04921875 0.03515625
56 0.17734375 0.13828125 0.11328125 0.0765625
117 0.203125 0.56796875 0.05859375 0.04140625
5 0.65625 0.603125 0.078125 0.0375
102 0.575 0.484375 0.2921875 0.1390625
5 0.671875 0.584375 0.08359375 0.02890625
70 0.446875 0.284375 0.10390625 0.103125
6 0.31015625 0.27109375 0.11328125 0.08046875
5 0.28359375 0.61171875 0.07265625 0.0375
5 0.27109375 0.590625 0.084375 0.03359375
56 0.5796875 0.2625 0.12890625 0.08671875
117 0.7203125 0.43125 0.05546875 0.0453125
117 0.68359375 0.434375 0.04765625 0.04765625
117 0.2375 0.5484375 0.059375 0.0359375
117 0.6546875 0.4078125 0.05 0.04375
5 0.66953125 0.27109375 0.065625 0.0375
5 0.64375 0.225 0.07265625 0.04140625
5 0.33046875 0.5578125 0.07890625 0.0421875
6 0.4015625 0.35078125 0.121875 0.075
5 0.3078125 0.36015625 0.06875 0.046875