50 0.6989872685185186 0.6245138888888888 0.10153356481481488 0.06837962962962969
120 0.5162037037037037 0.3197974537037037 0.11692708333333339 0.08410300925925931
88 0.18058449074074073 0.3716261574074074 0.11782407407407405 0.08727430555555564
51 0.3210648148148148 0.355005787037037 0.14936342592592594 0.09693865740740737
119 0.3541666666666667 0.4068576388888888 0.11603009259259256 0.08093171296296298
112 0.2074074074074074 0.5907060185185184 0.04343171296296298 0.036093750000000036
44 0.469386574074074 0.38172453703703707 0.1489583333333334 0.10704861111111104
120 0.09230324074074074 0.1559201388888889 0.12482638888888889 0.0869097222222222
112 0.17612847222222222 0.567025462962963 0.047800925925925955 0.027777777777777856
14 0.6960358796296295 0.20806712962962964 0.11715856481481488 0.0903530092592593
88 0.2711516203703704 0.18600694444444446 0.11200810185185181 0.07757523148148149
119 0.637818287037037 0.42522569444444447 0.11137152777777785 0.08143518518518515
40 0.6556712962962964 0.4652604166666666 0.05081018518518512 0.04588541666666668
48 0.7021412037037037 0.5833854166666667 0.06154513888888893 0.04106481481481481
112 0.16339699074074074 0.43375 0.042332175925925954 0.027453703703703702
44 0.07789351851851851 0.2930439814814815 0.12204861111111112 0.09609953703703704
40 0.2013888888888889 0.4913483796296296 0.06073495370370372 0.04023726851851848
112 0.13428819444444445 0.4055208333333333 0.05572916666666665 0.03136574074074083
112 0.15619212962962964 0.28131365740740744 0.050434027777777765 0.03572916666666668
112 0.6885706018518519 0.4695486111111111 0.04962384259259274 0.03490162037037035
112 0.69453125 0.4831539351851852 0.037818287037037025 0.03186342592592588
51 0.3763310185185185 0.5001562500000001 0.1260706018518519 0.09945601851851862
48 0.7114872685185185 0.4358275462962963 0.059259259259259164 0.042488425925925985
48 0.6618344907407407 0.3790972222222222 0.04817708333333339 0.03793402777777786
48 0.7243055555555555 0.3820196759259259 0.05972222222222214 0.05498842592592599
54 0.29806134259259254 0.5126678240740741 0.1236979166666666 0.09853587962962962
120 0.14131944444444444 0.5111747685185185 0.13017939814814813 0.08410879629629626