84 0.2914699074074074 0.5984664351851852 0.08500578703703701 0.05075231481481488
42 0.3759085648148148 0.46550925925925923 0.14399884259259252 0.09273726851851852
129 0.24941550925925923 0.4725405092592593 0.06076388888888893 0.04907407407407405
129 0.24908564814814813 0.43501157407407404 0.05842013888888893 0.04898726851851851
129 0.25861689814814814 0.4135416666666666 0.06604745370370377 0.043026620370370236
2 0.36408564814814814 0.4096354166666666 0.11094907407407409 0.05717592592592595
130 0.35669560185185184 0.34499421296296295 0.10189814814814806 0.06776620370370363
17 0.7117650462962963 0.39754050925925927 0.09452546296296305 0.0823206018518519
69 0.6061689814814815 0.3443576388888889 0.08685185185185187 0.08671875
8 0.5813194444444445 0.4031539351851851 0.07206597222222229 0.0354456018518519
8 0.6615740740740741 0.366550925925926 0.05308449074074062 0.02693865740740744
91 0.6783622685185186 0.3260416666666667 0.08406828703703706 0.07178819444444447
84 0.4172395833333333 0.3294560185185185 0.1178877314814816 0.05431134259259256