50 0.5811342592592592 0.28296875 0.09939814814814821 0.06921875000000002
44 0.3721643518518518 0.31961805555555556 0.11467013888888893 0.09878472222222215
119 0.383130787037037 0.26831597222222225 0.11371527777777786 0.08703124999999998
48 0.7615219907407408 0.3750173611111111 0.05609374999999996 0.044652777777777784
44 0.6478703703703703 0.24951388888888887 0.11091435185185183 0.10876736111111107
120 0.41333912037037035 0.19661458333333331 0.11751736111111111 0.0801736111111111
12 0.18282986111111113 0.2568923611111111 0.1288946759259259 0.11034722222222229
88 0.5067013888888889 0.32458333333333333 0.10802662037037045 0.0719444444444445
112 0.2899305555555555 0.3623611111111111 0.05448495370370363 0.041458333333333285
54 0.7610474537037037 0.23744791666666668 0.10444444444444442 0.09364583333333334
112 0.2370486111111111 0.38112847222222224 0.043362268518518474 0.028472222222222232
119 0.3453761574074074 0.14725694444444443 0.12133101851851853 0.07409722222222222
48 0.7165046296296296 0.3441840277777778 0.0568518518518518 0.04312500000000004
48 0.685162037037037 0.3393229166666667 0.05509259259259256 0.029774305555555537
88 0.5459548611111111 0.17743055555555556 0.11107060185185187 0.06661458333333337
112 0.29449652777777774 0.3011805555555555 0.037251157407407476 0.0375694444444445
112 0.32633101851851853 0.28647569444444443 0.04267361111111114 0.03468750000000007
120 0.1353414351851852 0.11203124999999999 0.11839120370370368 0.0864583333333333