50 0.55859375 0.35630787037037037 0.09453125 0.06740162037037037
44 0.35703125 0.3716377314814815 0.109375 0.09551504629629637
119 0.36796875 0.3229861111111111 0.10859375 0.084537037037037
48 0.73125 0.4613541666666666 0.053125 0.04337962962962969
44 0.6234375 0.3299826388888889 0.10546875 0.10546875
120 0.3984375 0.2573784722222222 0.11171875 0.07844907407407406
12 0.17578125 0.29427083333333337 0.12265625 0.1071412037037037
88 0.4859375 0.38925925925925925 0.103125 0.07019097222222222
112 0.27734375 0.40500578703703705 0.0515625 0.040173611111111104
54 0.73203125 0.3285821759259259 0.09921875 0.09108217592592593
112 0.22578125 0.4187384259259259 0.04140625 0.027146990740740763
119 0.33359375 0.2032349537037037 0.115625 0.07240162037037035
48 0.68828125 0.4270949074074074 0.05390625 0.041857638888888896
48 0.6578125 0.41926504629629624 0.053125 0.02931712962962969
88 0.5265625 0.25074074074074076 0.10546875 0.06484375
112 0.28203125 0.3466550925925926 0.0359375 0.0370196759259259
112 0.31328125 0.33577546296296296 0.040625 0.03413773148148147
120 0.13203125 0.1505960648148148 0.11328125 0.08399884259259256