112 0.6090277777777777 0.27662037037037035 0.05205439814814809 0.0401041666666667
88 0.22008101851851852 0.0791087962962963 0.11822916666666669 0.08151041666666665
14 0.1558449074074074 0.3152199074074074 0.1085648148148148 0.07725694444444446
119 0.4112268518518519 0.31744791666666666 0.11643518518518511 0.07832754629629628
50 0.14629629629629629 0.4861979166666666 0.08984375 0.06643518518518512
12 0.5402488425925925 0.2900752314814815 0.13819444444444445 0.11964699074074074
112 0.5778356481481481 0.2559606481481481 0.05755208333333321 0.030179398148148184
88 0.3002604166666667 0.18521412037037038 0.10928819444444446 0.05546875
112 0.6438657407407408 0.41634837962962956 0.03668981481481488 0.03252314814814809
12 0.5800925925925926 0.20445601851851852 0.14108796296296297 0.11663773148148149
51 0.44765625 0.2148148148148148 0.12566550925925918 0.0872395833333334
120 0.45138888888888895 0.15390625 0.1294849537037038 0.07569444444444447
44 0.16119791666666666 0.23243634259259255 0.1346354166666667 0.10315393518518512
40 0.1273148148148148 0.40587384259259257 0.05422453703703702 0.03784722222222214
119 0.31374421296296295 0.31872106481481477 0.10801504629629637 0.08035300925925934
14 0.673755787037037 0.29681712962962964 0.12109375 0.08862847222222223
112 0.6489583333333334 0.3896701388888889 0.04473379629629619 0.0359375