60 0.3006655092592593 0.614207175925926 0.14348379629629626 0.09276620370370381
55 0.269375 0.559866898148148 0.1504918981481481 0.09146412037037024
111 0.6783796296296296 0.519704861111111 0.07515625000000004 0.06603009259259274
116 0.22997685185185182 0.3276041666666667 0.11700231481481485 0.09725115740740745
90 0.266255787037037 0.296556712962963 0.06968750000000004 0.06582754629629636
90 0.22382523148148148 0.281712962962963 0.06028935185185187 0.06391782407407405
90 0.17236689814814815 0.2906539351851852 0.06406828703703704 0.05546875
22 0.25935185185185183 0.5164641203703704 0.1448032407407407 0.07641782407407405
109 0.26818287037037036 0.4793981481481481 0.1595543981481482 0.07071759259259273
20 0.1543229166666667 0.44453125 0.09295138888888888 0.0549768518518519
111 0.2767824074074074 0.42670717592592594 0.07667245370370371 0.06296296296296297