111 0.696875 0.5078125 0.0921875 0.084375
61 0.44609375 0.33671875 0.35546875 0.1640625
96 0.4078125 0.31171875 0.31015625 0.13125
112 0.58203125 0.33203125 0.04140625 0.025
112 0.309375 0.36875 0.04765625 0.03515625
112 0.25859375 0.54921875 0.05078125 0.04140625
112 0.21484375 0.5421875 0.0453125 0.03046875
112 0.24609375 0.503125 0.059375 0.02890625
112 0.20390625 0.4640625 0.03671875 0.03046875
112 0.23984375 0.521875 0.0421875 0.025
112 0.2296875 0.4296875 0.03984375 0.02421875
107 0.39765625 0.35234375 0.08828125 0.0546875