48 0.3109375 0.6296875 0.05078125 0.03828125
48 0.2859375 0.5796875 0.0421875 0.03515625
48 0.35625 0.5828125 0.0578125 0.04296875
117 0.190625 0.58984375 0.05 0.03671875
117 0.23046875 0.55546875 0.04921875 0.0328125
117 0.2953125 0.55703125 0.0578125 0.03203125
80 0.65703125 0.6078125 0.125 0.1109375
117 0.69765625 0.55703125 0.06171875 0.04375
117 0.6421875 0.53515625 0.05625 0.05
8 0.515625 0.64140625 0.040625 0.03359375
8 0.55703125 0.6359375 0.05078125 0.03046875
8 0.53046875 0.60078125 0.053125 0.03125
8 0.56796875 0.521875 0.06875 0.03046875
8 0.525 0.48515625 0.04921875 0.028125
8 0.5953125 0.48984375 0.0390625 0.03125
67 0.68671875 0.40390625 0.07109375 0.0453125
48 0.3203125 0.28203125 0.0609375 0.0390625
48 0.6078125 0.27578125 0.04765625 0.03671875
117 0.56484375 0.23359375 0.06875 0.05234375
117 0.3359375 0.2296875 0.0578125 0.04609375
117 0.671875 0.31953125 0.0609375 0.03515625