14 0.720486111111111 0.359375 0.12821180555555572 0.07421875
119 0.3785590277777778 0.37109375 0.12822916666666676 0.075
88 0.36260416666666667 0.32109375 0.11763888888888889 0.05546875
44 0.22020833333333334 0.2765625 0.1216840277777778 0.096875
12 0.6271354166666667 0.271875 0.11006944444444447 0.1015625
120 0.4861979166666666 0.22265625 0.11421874999999986 0.07734375
48 0.24543402777777779 0.49765625 0.05814236111111111 0.05
112 0.6528298611111112 0.47890625 0.05557291666666657 0.03984375
112 0.7002604166666666 0.46875 0.042204861111111214 0.0359375
112 0.6693402777777778 0.4484375 0.04937500000000004 0.0421875
120 0.577951388888889 0.34375 0.10506944444444458 0.0875
112 0.6504513888888889 0.371875 0.04213541666666672 0.0328125
12 0.765 0.28828125 0.11461805555555564 0.0953125
48 0.2500868055555555 0.4609375 0.059531250000000036 0.0421875
40 0.25895833333333335 0.54375 0.055607638888888825 0.04140625
112 0.6669791666666667 0.3421875 0.04380208333333328 0.0375
112 0.5105208333333333 0.2625 0.05230902777777775 0.03359375