60 0.23813657407407404 0.5429166666666667 0.1518229166666666 0.09250578703703702
55 0.19777199074074076 0.5080497685185186 0.15879629629629627 0.09099537037037031
22 0.19152199074074075 0.3814988425925926 0.17974537037037033 0.10833333333333331
109 0.20008680555555552 0.33845486111111106 0.17445023148148148 0.0708043981481481
111 0.6890625 0.3746875 0.08509837962962959 0.06233217592592588
111 0.6901909722222223 0.40515625 0.07259837962962959 0.08332754629629627
111 0.1462673611111111 0.4255960648148148 0.07268518518518521 0.08567129629629626
116 0.20063657407407404 0.26890046296296294 0.12390046296296298 0.0977662037037037
90 0.2015625 0.23060185185185186 0.061834490740740745 0.04575810185185185
90 0.22760416666666666 0.19524305555555554 0.0640914351851852 0.06451967592592593
20 0.11082175925925926 0.3336458333333333 0.07864583333333335 0.056817129629629634
90 0.19033564814814813 0.20177083333333332 0.06846064814814819 0.05596064814814818