50 0.69375 0.55 0.0921875 0.05859375
120 0.53359375 0.27578125 0.10625 0.071875
88 0.21875 0.3421875 0.10625 0.075
51 0.35078125 0.31953125 0.1359375 0.08203125
119 0.3796875 0.36640625 0.10546875 0.06875
112 0.2359375 0.54609375 0.03984375 0.03125
44 0.48828125 0.3359375 0.13515625 0.09140625
120 0.14375 0.14609375 0.11328125 0.07421875
112 0.2078125 0.52578125 0.04375 0.02265625
14 0.7046875 0.1609375 0.10546875 0.07734375
88 0.309375 0.1640625 0.1015625 0.06640625
119 0.64375 0.3671875 0.10078125 0.06953125
40 0.6578125 0.40390625 0.04609375 0.03984375
48 0.69765625 0.51171875 0.05625 0.03515625
112 0.20078125 0.4015625 0.03828125 0.02265625
44 0.12578125 0.275 0.1109375 0.0828125
40 0.234375 0.453125 0.05546875 0.034375
112 0.17421875 0.3765625 0.05078125 0.0265625
112 0.19921875 0.259375 0.0453125 0.03046875
112 0.6890625 0.40546875 0.0453125 0.0296875
112 0.69375 0.41875 0.03359375 0.02734375
51 0.396875 0.4515625 0.1140625 0.0859375
48 0.71171875 0.3734375 0.05390625 0.03671875
48 0.6671875 0.3234375 0.04375 0.0328125
48 0.725 0.32265625 0.05390625 0.04765625
54 0.3234375 0.46796875 0.11171875 0.08515625
120 0.178125 0.475 0.11796875 0.071875