14 0.71328125 0.3578125 0.12578125 0.07421875
119 0.3734375 0.36875 0.12578125 0.075
48 0.24609375 0.53203125 0.04296875 0.04609375
54 0.3796875 0.328125 0.11796875 0.08984375
44 0.21796875 0.275 0.11875 0.09609375
12 0.621875 0.2703125 0.10703125 0.10078125
120 0.4828125 0.22109375 0.11171875 0.07734375
48 0.3703125 0.6421875 0.05703125 0.05
112 0.67421875 0.42421875 0.0546875 0.03984375
112 0.71328125 0.4203125 0.04140625 0.03515625
112 0.66953125 0.40546875 0.04765625 0.04140625
120 0.57109375 0.3421875 0.10234375 0.0875
112 0.7046875 0.39609375 0.04140625 0.0328125
40 0.2125 0.5078125 0.0546875 0.0375
12 0.75859375 0.28671875 0.1125 0.09453125
48 0.25625 0.39375 0.05859375 0.0421875
50 0.65859375 0.32421875 0.0859375 0.04765625