112 0.6330150462962963 0.29857060185185186 0.04823495370370381 0.039149305555555534
88 0.25535300925925924 0.11619791666666668 0.10975115740740744 0.07898726851851849
14 0.2025752314814815 0.34116319444444443 0.10101273148148149 0.07463541666666665
119 0.44592013888888893 0.33946180555555555 0.10807291666666678 0.07578125
50 0.19968171296296297 0.5035011574074074 0.08347800925925926 0.06436921296296312
12 0.5677951388888889 0.3120891203703704 0.12748842592592596 0.1157754629629629
112 0.6025752314814815 0.2783159722222222 0.05332754629629619 0.02927662037037031
88 0.33509837962962963 0.21576967592592594 0.1018229166666667 0.05440393518518523
112 0.6718171296296296 0.4298958333333333 0.033912037037037025 0.031388888888889
12 0.603587962962963 0.2299189814814815 0.13049768518518512 0.11281249999999998
51 0.4776041666666667 0.24190972222222223 0.11617476851851852 0.08399884259259256
120 0.47821180555555554 0.18339699074074073 0.12048611111111107 0.07408564814814818
44 0.20390625 0.263119212962963 0.12456597222222224 0.10002893518518521
40 0.1783275462962963 0.4274131944444444 0.05049189814814814 0.03692708333333332
119 0.35300925925925924 0.3427199074074074 0.10034722222222214 0.07771990740740745
14 0.6955150462962962 0.3163831018518518 0.11232638888888893 0.08535879629629636
112 0.6750868055555556 0.40477430555555555 0.04184027777777786 0.03491898148148156