44 0.7883333333333333 0.28715277777777776 0.14499999999999993 0.11759259259259255
14 0.7289583333333333 0.1329861111111111 0.12432291666666657 0.0763020833333333
88 0.5409375000000001 0.20005787037037037 0.10869791666666657 0.07572337962962968
120 0.11661458333333333 0.08926504629629631 0.14135416666666667 0.09797453703703703
112 0.20994791666666668 0.46056134259259257 0.05177083333333332 0.04010416666666679
88 0.2596354166666667 0.09534143518518519 0.11687499999999992 0.08148148148148149
14 0.21515625 0.32826967592592593 0.10718750000000003 0.07644675925925926
118 0.48296875000000006 0.3475405092592593 0.11505208333333332 0.07751736111111107
51 0.3653645833333333 0.2668113425925926 0.12541666666666665 0.08101851851851852
112 0.24984374999999998 0.3809895833333333 0.05395833333333329 0.037847222222222233
44 0.7438541666666667 0.3447337962962963 0.13578124999999996 0.10789930555555553
40 0.7684895833333333 0.4103298611111111 0.06515624999999989 0.04215856481481488
12 0.6080729166666666 0.33035300925925926 0.13656250000000014 0.11961805555555553
54 0.6105729166666667 0.2509548611111111 0.12786458333333323 0.09435763888888893
50 0.6930729166666667 0.45975115740740746 0.09348958333333339 0.05801504629629619
112 0.1959375 0.3673032407407407 0.05651041666666665 0.029369212962962975
88 0.35359375000000004 0.20714699074074075 0.1080729166666666 0.05465856481481479
48 0.7191145833333333 0.4061631944444445 0.05390625 0.04875578703703702
112 0.17677083333333332 0.26684027777777775 0.04151041666666666 0.026475694444444465
112 0.17802083333333335 0.2388310185185185 0.0364583333333333 0.03252314814814809