117 0.16056712962962963 0.578275462962963 0.056753472222222226 0.04024884259259274
117 0.2050636574074074 0.533431712962963 0.0557291666666667 0.03555555555555543
117 0.27697916666666667 0.5321180555555556 0.0651041666666666 0.03562499999999993
80 0.6190219907407408 0.6076793981481481 0.14217592592592593 0.12131944444444435
117 0.7139930555555555 0.5382523148148148 0.06965856481481474 0.04815393518518522
117 0.6550520833333333 0.5152604166666667 0.06377314814814809 0.05513888888888889
8 0.5220196759259259 0.550607638888889 0.04565393518518519 0.03704282407407398
8 0.5630497685185185 0.542494212962963 0.05717013888888882 0.03322337962962969
8 0.5265219907407408 0.5240219907407407 0.05955439814814802 0.03402199074074073
8 0.4671180555555555 0.5400810185185185 0.075920138888889 0.03336226851851851
67 0.7185706018518518 0.4499710648148148 0.07989583333333332 0.04979166666666668
48 0.25600694444444444 0.31907407407407407 0.06859374999999997 0.0426793981481481
48 0.6916782407407407 0.29085648148148147 0.053628472222222355 0.04022569444444439
117 0.21538773148148146 0.4849363425925926 0.06929398148148147 0.04112268518518523
117 0.25617476851851856 0.2706539351851852 0.05655092592592599 0.03634259259259256
117 0.6955902777777778 0.2455324074074074 0.06839120370370359 0.03877314814814818
117 0.7091666666666667 0.3602314814814815 0.04741898148148138 0.04096064814814815