114 0.37734375 0.42470486111111116 0.09765625 0.055787037037037024
3 0.29296875 0.554861111111111 0.109375 0.09866898148148148
5 0.68515625 0.5796643518518518 0.0734375 0.052008101851851764
5 0.68203125 0.5474479166666667 0.07578125 0.03964699074074076
5 0.215625 0.5049652777777778 0.08671875 0.04498263888888872
5 0.2796875 0.4962615740740741 0.07421875 0.041898148148148094
45 0.2640625 0.30158564814814814 0.140625 0.08880208333333339
132 0.28359375 0.2628993055555555 0.08359375 0.06823495370370374
112 0.68203125 0.3396354166666667 0.03671875 0.034207175925925884
97 0.26484375 0.3594444444444444 0.10234375 0.07793981481481485
114 0.5140625 0.37655671296296295 0.09140625 0.062447916666666714
114 0.36953125 0.35236689814814814 0.09453125 0.061851851851851866