119 0.2421875 0.284375 0.1 0.08046875
14 0.4015625 0.26015625 0.1265625 0.08515625
50 0.69375 0.44140625 0.0921875 0.05859375
120 0.53359375 0.27578125 0.10625 0.071875
88 0.21875 0.3421875 0.10625 0.075
51 0.35078125 0.31953125 0.1359375 0.08203125
119 0.3796875 0.36640625 0.10546875 0.06875
112 0.184375 0.3640625 0.03984375 0.03125
112 0.6921875 0.36015625 0.03984375 0.034375
44 0.48828125 0.3359375 0.13515625 0.09140625
120 0.14375 0.14609375 0.11328125 0.07421875
112 0.70078125 0.49375 0.04296875 0.03359375
112 0.1640625 0.33515625 0.04375 0.02265625
54 0.68125 0.28984375 0.09453125 0.08203125
14 0.7046875 0.1609375 0.10546875 0.07734375
48 0.69765625 0.54296875 0.05 0.03671875
88 0.309375 0.1640625 0.1015625 0.06640625
119 0.64375 0.3671875 0.10078125 0.06953125
40 0.62578125 0.38828125 0.04609375 0.03984375
112 0.66171875 0.35625 0.03984375 0.0390625
48 0.703125 0.403125 0.05625 0.03515625
112 0.140625 0.23359375 0.03828125 0.01640625
112 0.15625 0.20234375 0.04921875 0.034375