111 0.69140625 0.43515625 0.0921875 0.084375
61 0.44609375 0.33671875 0.35546875 0.1640625
96 0.4078125 0.31171875 0.31015625 0.13125
112 0.2484375 0.403125 0.05859375 0.03828125
112 0.21328125 0.43828125 0.04765625 0.03515625
112 0.2125 0.55546875 0.05078125 0.04140625
112 0.21328125 0.52734375 0.0453125 0.03046875
112 0.25390625 0.334375 0.05234375 0.034375
112 0.24609375 0.46015625 0.059375 0.02890625
112 0.234375 0.48203125 0.03671875 0.03046875
112 0.23984375 0.50703125 0.0421875 0.025
112 0.26328125 0.425 0.0484375 0.04453125
112 0.21796875 0.365625 0.0328125 0.03046875