70 0.39713541666666663 0.24293402777777776 0.15419560185185183 0.1410069444444444
70 0.5319155092592592 0.16338541666666667 0.11591435185185191 0.11824652777777782
117 0.7677372685185185 0.40331597222222226 0.06553819444444464 0.06374999999999993
127 0.5324363425925925 0.2619618055555556 0.13920717592592596 0.09432291666666667
56 0.24733796296296298 0.25506944444444446 0.14626736111111108 0.09541666666666666
56 0.3863715277777778 0.1424652777777778 0.1400752314814815 0.09670138888888888
5 0.28379629629629627 0.4576909722222222 0.09094328703703702 0.054739583333333286
56 0.6856770833333334 0.1737673611111111 0.12673611111111108 0.09454861111111112
117 0.7333043981481481 0.2342534722222222 0.05066550925925917 0.04124999999999997
56 0.20127314814814817 0.19451388888888888 0.13423032407407404 0.08630208333333336
5 0.31385995370370373 0.48765625 0.07777777777777777 0.05727430555555557
117 0.7058738425925926 0.21199652777777778 0.04782986111111107 0.04892361111111114