114 0.3653356481481481 0.5362384259259259 0.09950810185185181 0.05506365740740744
5 0.5420717592592592 0.6066087962962963 0.07520254629629637 0.05146412037037038
5 0.23969907407407404 0.6020138888888888 0.06796875 0.045630787037037025
45 0.22303240740740743 0.4414699074074074 0.14360532407407406 0.08776041666666679
112 0.21657986111111108 0.48936921296296293 0.030758101851851904 0.030445601851851835
97 0.3065104166666667 0.6086863425925927 0.08501157407407404 0.08472222222222214
114 0.4800347222222222 0.4920833333333333 0.09351851851851851 0.06177083333333329
114 0.39175347222222223 0.49666087962962957 0.09661458333333339 0.06115162037037045
3 0.2701099537037037 0.47567708333333336 0.11310763888888893 0.10645254629629637
112 0.642505787037037 0.5475983796296295 0.045804398148148094 0.036684027777777926
112 0.21545138888888887 0.5198379629629629 0.044068287037037024 0.031915509259259164
112 0.14129050925925926 0.4168576388888889 0.034809027777777765 0.0345543981481482