61 0.42874421296296295 0.33890625 0.38172453703703707 0.19932291666666666
112 0.6940740740740742 0.47822916666666665 0.04453703703703695 0.029479166666666678
112 0.2072511574074074 0.49489583333333337 0.05108796296296294 0.04005208333333332
112 0.3790914351851852 0.6630729166666667 0.055202546296296354 0.04734374999999993
112 0.6201273148148149 0.35088541666666667 0.03757523148148145 0.03135416666666666
112 0.3634027777777778 0.26515625 0.06418402777777779 0.03468750000000007
112 0.7370659722222223 0.48187499999999994 0.03923032407407412 0.03458333333333332
112 0.3302835648148148 0.6473437499999999 0.04295138888888887 0.028593749999999928
111 0.2420138888888889 0.3786979166666667 0.08146990740740741 0.06546874999999996
112 0.2878877314814815 0.6375 0.046927083333333376 0.031197916666666714
112 0.2480150462962963 0.6075520833333333 0.0654050925925926 0.049583333333333354
112 0.25101851851851853 0.57734375 0.04453703703703704 0.029479166666666678
106 0.46288773148148143 0.43864583333333335 0.13193287037037038 0.08442708333333329
112 0.6129282407407407 0.31843750000000004 0.03295717592592595 0.03338541666666668
112 0.20508680555555556 0.36921875000000004 0.03532407407407403 0.03432291666666672
112 0.29745949074074074 0.38161458333333337 0.04311342592592595 0.034062499999999926
112 0.2715046296296296 0.32140625 0.043321759259259275 0.04109374999999993