80 0.20146412037037037 0.43212384259259257 0.1250694444444444 0.11668402777777782
8 0.2813831018518519 0.39969328703703705 0.07133680555555558 0.03386574074074069
8 0.36120370370370375 0.38054398148148144 0.08077546296296294 0.04259837962962969
8 0.622025462962963 0.39230324074074074 0.04483796296296294 0.04206597222222221
117 0.29500578703703706 0.45885995370370375 0.06678240740740744 0.05176504629629619
48 0.19261574074074075 0.4666261574074074 0.04248842592592594 0.04124999999999997
117 0.6702199074074074 0.42439814814814814 0.06048611111111111 0.0454224537037037
8 0.32003472222222223 0.45458333333333334 0.05652199074074078 0.037552083333333285
8 0.5747395833333334 0.44846643518518514 0.049496527777777646 0.03822916666666672
117 0.761707175925926 0.41210648148148155 0.04251157407407398 0.04437499999999996
48 0.7104398148148148 0.4784837962962962 0.06744791666666679 0.03615162037037045