70 0.36953125 0.3781423611111111 0.14765625 0.14015624999999998
70 0.50625 0.31078125 0.1109375 0.11743055555555557
117 0.73046875 0.5832465277777779 0.0625 0.06293402777777786
117 0.70625 0.6852951388888889 0.05546875 0.056371527777777784
127 0.50390625 0.4083333333333333 0.13515625 0.09350694444444443
56 0.22109375 0.37701388888888887 0.1421875 0.0946006944444445
56 0.36328125 0.27708333333333335 0.1359375 0.09588541666666668
5 0.2640625 0.545329861111111 0.08828125 0.053923611111111214
56 0.65859375 0.33473958333333337 0.12265625 0.09373263888888897
117 0.7234375 0.6329340277777777 0.04921875 0.04124999999999997
56 0.17734375 0.31256944444444446 0.13046875 0.08548611111111111
117 0.71015625 0.6596875000000001 0.05859375 0.04166666666666678
5 0.27578125 0.5942881944444445 0.075 0.05723958333333332