42 0.2967997685185185 0.3526446759259259 0.12196180555555554 0.09461226851851859
69 0.29792245370370374 0.39796875 0.15417245370370375 0.08469907407407415
129 0.2103877314814815 0.4244097222222223 0.08412037037037035 0.04903935185185197
84 0.2850694444444445 0.5371875 0.0936805555555555 0.0522337962962963
91 0.23233796296296294 0.2804340277777778 0.08174768518518523 0.08806712962962963
2 0.5051851851851852 0.40034143518518517 0.12833912037037046 0.07045138888888883
8 0.22421875 0.3148842592592593 0.07028356481481479 0.039565972222222176
42 0.35303819444444445 0.22013888888888888 0.11405092592592592 0.0797164351851852
69 0.3501215277777778 0.17092013888888888 0.11800347222222225 0.08052662037037042
17 0.3825231481481482 0.28244791666666663 0.12094907407407404 0.09070023148148146
8 0.33717592592592593 0.4140914351851852 0.04344328703703706 0.03468171296296294