44 0.762795138888889 0.30573495370370374 0.13362847222222224 0.1089756944444444
44 0.6190277777777778 0.3028240740740741 0.11786458333333343 0.1024942129629629
40 0.6778298611111111 0.4536458333333333 0.05890625000000007 0.05007523148148145
14 0.7127083333333333 0.16050925925925924 0.11479166666666671 0.06964699074074074
88 0.5306770833333333 0.22810185185185183 0.09994791666666672 0.06942708333333333
51 0.49170138888888887 0.30171875 0.1065798611111111 0.08670717592592592
120 0.39977430555555554 0.24178240740740745 0.11185763888888882 0.0781944444444445
44 0.35234375 0.3566666666666667 0.11852430555555564 0.09703703703703707
119 0.3275173611111111 0.18838541666666667 0.11730902777777778 0.077494212962963
120 0.13180555555555556 0.13237847222222224 0.13086805555555556 0.09019097222222223
12 0.17899305555555553 0.28771412037037036 0.11420138888888891 0.11337384259259257
112 0.26274305555555555 0.5068518518518518 0.051892361111111104 0.05075231481481488
112 0.23939236111111112 0.4401215277777778 0.03821180555555559 0.03258680555555564
112 0.24147569444444444 0.463582175925926 0.04920138888888888 0.03509259259259245
112 0.24555555555555558 0.40116319444444437 0.05088541666666666 0.04058449074074062
112 0.22565972222222222 0.38446759259259256 0.04782986111111107 0.04366319444444446
112 0.2539236111111111 0.3208449074074074 0.047673611111111125 0.03663194444444447
88 0.26776041666666667 0.1351736111111111 0.10786458333333329 0.07423032407407408
112 0.28282986111111114 0.28612847222222226 0.04604166666666672 0.033483796296296296
12 0.5857291666666666 0.3507523148148148 0.12093749999999996 0.10019675925925924
112 0.1631423611111111 0.24218171296296295 0.03821180555555555 0.032586805555555556
40 0.7314930555555555 0.40836226851851853 0.05574652777777782 0.04846643518518512
119 0.4689930555555556 0.36932870370370374 0.10545138888888879 0.07107060185185184