114 0.46990740740740744 0.41531250000000003 0.1098668981481481 0.05626736111111104
3 0.34892939814814816 0.5589872685185184 0.12488425925925925 0.10324074074074083
5 0.7107060185185186 0.5179050925925927 0.08243634259259255 0.053721064814814666
5 0.7187789351851851 0.48983217592592593 0.08504050925925917 0.03968171296296301
5 0.2459201388888889 0.5128993055555556 0.09693287037037042 0.04445601851851855
5 0.19733796296296297 0.5586458333333333 0.08223379629629628 0.048252314814814665
5 0.24224537037037036 0.48552083333333335 0.08356481481481479 0.04201388888888893
45 0.2973958333333333 0.2624305555555556 0.15798611111111108 0.09020833333333336
132 0.29438657407407404 0.1959837962962963 0.0955729166666666 0.07100115740740742
112 0.31811342592592595 0.18834490740740742 0.03067129629629637 0.026782407407407404
112 0.6841435185185185 0.2223148148148148 0.04192708333333339 0.0354571759259259
97 0.3487268518518518 0.2690625 0.09100115740740744 0.09517939814814813
114 0.5349537037037038 0.28372685185185187 0.103125 0.06402777777777775
114 0.40063657407407405 0.2811689814814815 0.10622106481481489 0.06326967592592592