8 0.63828125 0.45859375 0.04296875 0.0375
8 0.696875 0.49140625 0.0484375 0.03046875
8 0.64375 0.4890625 0.05390625 0.028125
67 0.6859375 0.39765625 0.0578125 0.05
48 0.2390625 0.42890625 0.05546875 0.05078125
117 0.3890625 0.278125 0.0546875 0.0578125
117 0.4921875 0.28828125 0.0703125 0.0484375
117 0.44140625 0.2703125 0.05546875 0.04609375
58 0.43515625 0.49921875 0.121875 0.08515625
8 0.6 0.46875 0.04296875 0.02421875
8 0.6765625 0.46875 0.0546875 0.021875
124 0.625 0.528125 0.24765625 0.11953125