23 0.24039930555555555 0.5860821759259259 0.0702025462962963 0.04788773148148149
123 0.28267939814814813 0.5782696759259259 0.06626157407407404 0.04539930555555553
123 0.24375578703703704 0.35951967592592593 0.09452546296296296 0.05581597222222223
23 0.27134837962962965 0.6052372685185186 0.07753472222222228 0.06846064814814809
23 0.6942534722222222 0.41467013888888893 0.17070023148148153 0.08518518518518511
90 0.2738888888888889 0.3810474537037037 0.07592592592592595 0.06527777777777777
90 0.6976851851851851 0.44655671296296295 0.09300925925925937 0.0588831018518519
79 0.3747858796296296 0.3695023148148148 0.09857060185185187 0.06533564814814818
18 0.7387152777777779 0.4177083333333334 0.07736111111111121 0.0567418981481481
39 0.7016550925925926 0.38940972222222225 0.06711226851851855 0.050115740740740655
18 0.36580439814814814 0.343287037037037 0.07045717592592596 0.06507523148148149