119 0.22182291666666668 0.2588252314814815 0.1067303240740741 0.0890625
14 0.390943287037037 0.22757523148148148 0.1349247685185185 0.09479166666666661
50 0.695931712962963 0.4067997685185185 0.0985706018518517 0.0653356481481481
120 0.5297627314814815 0.2388310185185185 0.11362268518518519 0.0799479166666667
88 0.19590856481481483 0.32146990740740744 0.11366898148148148 0.08307291666666661
51 0.33611111111111114 0.29207175925925927 0.14503472222222227 0.09204282407407405
119 0.36585069444444446 0.340162037037037 0.11279513888888885 0.07679398148148149
112 0.1596238425925926 0.34623842592592596 0.041892361111111096 0.03434606481481488
112 0.696412037037037 0.32167245370370373 0.04271990740740748 0.0375
44 0.4803877314814814 0.30390625 0.143611111111111 0.10135995370370372
120 0.12008101851851852 0.11657986111111111 0.12146990740740744 0.08258101851851851
112 0.7029224537037037 0.4619791666666666 0.04583333333333321 0.036834490740740834
112 0.13821180555555554 0.3157986111111111 0.04645254629629632 0.025925925925925953
54 0.685792824074074 0.2478877314814815 0.10128472222222236 0.09042245370370372
14 0.7128067129629629 0.11102430555555556 0.11293402777777786 0.08616898148148149
48 0.6990219907407408 0.5144386574074075 0.05370370370370381 0.041030092592592736
88 0.2947916666666667 0.12962962962962962 0.10884259259259252 0.07352430555555553
119 0.6447337962962962 0.331394675925926 0.10733796296296294 0.07737268518518511
40 0.6256597222222222 0.3539641203703704 0.04906249999999997 0.04398148148148149
112 0.6644386574074075 0.31895254629629627 0.04280092592592588 0.04296875
48 0.7066782407407407 0.36657986111111107 0.05991898148148138 0.03891782407407405
112 0.11557870370370371 0.2096643518518518 0.040879629629629655 0.018692129629629583
112 0.1324710648148148 0.17624421296296297 0.05209490740740739 0.037847222222222233