119 0.2421875 0.284375 0.1 0.08046875
14 0.4015625 0.26015625 0.1265625 0.08515625
50 0.64296875 0.26015625 0.0921875 0.05859375
120 0.53359375 0.27578125 0.10625 0.071875
88 0.21875 0.3421875 0.10625 0.075
51 0.35078125 0.31953125 0.1359375 0.08203125
119 0.3796875 0.36640625 0.10546875 0.06875
112 0.68984375 0.46875 0.03671875 0.0359375
112 0.69609375 0.4453125 0.03984375 0.034375
44 0.48828125 0.3359375 0.13515625 0.09140625
120 0.14375 0.14609375 0.11328125 0.07421875
40 0.58828125 0.36875 0.04453125 0.040625
112 0.60234375 0.33671875 0.04296875 0.03359375
112 0.5640625 0.325 0.04375 0.02265625
54 0.68125 0.28984375 0.09453125 0.08203125