117 0.1624074074074074 0.6310995370370371 0.05685185185185184 0.042291666666666575
117 0.20547453703703705 0.5863020833333333 0.05601273148148147 0.03836226851851841
117 0.27891203703703704 0.5884780092592592 0.06537615740740739 0.037858796296296404
80 0.6371238425925926 0.6787442129629631 0.14168402777777764 0.12836226851851862
117 0.7306134259259259 0.6112326388888889 0.06947916666666672 0.05125578703703706
117 0.6677546296296296 0.5851620370370371 0.06333333333333328 0.058101851851851904
8 0.5331192129629629 0.6163136574074074 0.04586805555555564 0.038842592592592595
8 0.5751909722222223 0.6097511574074075 0.05752893518518505 0.03528356481481474
8 0.5358506944444444 0.58984375 0.05989583333333322 0.03691550925925924
8 0.475925925925926 0.6036863425925926 0.07706018518518505 0.03586226851851855
67 0.7292592592592593 0.5198263888888889 0.08043981481481488 0.053142361111111217
48 0.24283564814814812 0.367193287037037 0.06939814814814813 0.04578703703703706
48 0.6901099537037038 0.3546759259259259 0.053738425925925884 0.04298032407407408
117 0.21255787037037038 0.5373148148148148 0.06937499999999996 0.04422453703703706
117 0.24053240740740742 0.31714699074074076 0.056805555555555554 0.03916666666666666
117 0.6909780092592592 0.30784722222222227 0.06932870370370381 0.04109953703703706
117 0.7130497685185185 0.42719907407407404 0.047499999999999966 0.04357638888888893