114 0.41796875 0.40625 0.09609375 0.04921875
3 0.38203125 0.43125 0.1078125 0.09140625
5 0.69453125 0.42734375 0.071875 0.04765625
5 0.6859375 0.390625 0.075 0.034375
5 0.25234375 0.45078125 0.08515625 0.0390625
5 0.26796875 0.4734375 0.071875 0.0421875
5 0.25390625 0.4359375 0.0734375 0.03671875
45 0.30078125 0.196875 0.1453125 0.08984375
132 0.39296875 0.1265625 0.0828125 0.0625
112 0.315625 0.140625 0.04375 0.03125
112 0.3484375 0.16953125 0.046875 0.02734375
112 0.5421875 0.12109375 0.03671875 0.03125
97 0.44453125 0.17109375 0.078125 0.084375