117 0.6921875 0.4453125 0.0453125 0.04609375
67 0.24296875 0.48203125 0.0734375 0.05
80 0.21171875 0.37890625 0.11875 0.109375
117 0.1921875 0.4546875 0.04375 0.05078125
8 0.325 0.28671875 0.0734375 0.03359375
8 0.46484375 0.275 0.0765625 0.03984375
8 0.5609375 0.27734375 0.08359375 0.0390625
117 0.25859375 0.453125 0.06328125 0.0484375
48 0.321875 0.36875 0.03984375 0.03828125
117 0.353125 0.353125 0.0578125 0.0421875
8 0.396875 0.33515625 0.05390625 0.03515625
8 0.51640625 0.3375 0.03515625 0.03671875
48 0.61796875 0.3828125 0.0453125 0.0390625
48 0.6671875 0.3859375 0.0625 0.04453125
117 0.56328125 0.3359375 0.040625 0.04140625