50 0.24309027777777778 0.5544560185185186 0.1160763888888889 0.06965856481481474
14 0.7373726851851853 0.3540798611111111 0.1303703703703704 0.07767939814814814
119 0.3900636574074074 0.37094907407407407 0.13039351851851855 0.07846064814814815
48 0.3402662037037037 0.35214699074074074 0.04513888888888893 0.047523148148148134
54 0.39508680555555553 0.32945023148148145 0.12380208333333335 0.09320023148148149
44 0.22786458333333334 0.2779976851851852 0.12401041666666668 0.10023148148148149
88 0.36602430555555554 0.24546874999999999 0.11552662037037038 0.07745949074074074
12 0.6417650462962963 0.2663946759259259 0.1124305555555555 0.10474537037037042
51 0.5076446759259259 0.27697916666666667 0.11649305555555571 0.08372106481481474
120 0.4973148148148148 0.21851273148148148 0.11640046296296305 0.08059606481481482
40 0.22525462962962967 0.5328356481481482 0.061568287037037095 0.048547453703703704
48 0.2461747685185185 0.47390625000000003 0.060098379629629585 0.05164930555555554
112 0.7157638888888889 0.4161458333333334 0.05667245370370359 0.04144675925925938
112 0.7035590277777779 0.39991319444444445 0.05046874999999993 0.042916666666666714
112 0.5973784722222222 0.2983159722222222 0.043182870370370455 0.034218749999999964
40 0.2305613425925926 0.316255787037037 0.056603009259259277 0.039103009259259205