44 0.7485937500000001 0.32056712962962963 0.13760416666666658 0.11215856481481482
44 0.6001736111111111 0.3175868055555556 0.12184027777777792 0.10567708333333332
40 0.21852430555555555 0.47057870370370375 0.06050347222222223 0.05166087962962962
14 0.7034722222222223 0.17063078703703705 0.11875 0.07204861111111112
88 0.5127951388888888 0.2404861111111111 0.103125 0.07181712962962958
51 0.4689236111111111 0.3156423611111111 0.10977430555555542 0.08987847222222226
120 0.3772916666666667 0.2541087962962963 0.11503472222222219 0.08058449074074074
44 0.32229166666666664 0.37286458333333333 0.12249999999999997 0.10021990740740741
119 0.30505208333333333 0.19911458333333334 0.12048611111111107 0.07988425925925924
120 0.1054861111111111 0.14145254629629628 0.13484374999999998 0.0933738425925926
12 0.14725694444444443 0.3014988425925926 0.11741319444444445 0.11732638888888891
112 0.19911458333333334 0.53515625 0.053489583333333354 0.052337962962963044
112 0.19803819444444443 0.5132581018518518 0.05078125 0.03589699074074062
112 0.16552083333333334 0.4643229166666666 0.05248263888888891 0.042170138888888785
112 0.20677083333333335 0.4367997685185185 0.04864583333333332 0.045237268518518545
112 0.22217013888888887 0.3768518518518518 0.04848958333333329 0.03820601851851855
88 0.2453125 0.14430555555555555 0.11105902777777779 0.07740162037037038
112 0.23053819444444446 0.3519675925925926 0.04685763888888887 0.03505787037037038
112 0.23366319444444442 0.3168460648148148 0.03979166666666671 0.03339120370370372
40 0.6231770833333334 0.37263310185185183 0.05734375000000007 0.05005208333333329
119 0.44312500000000005 0.3863773148148148 0.10940972222222207 0.07347222222222224
51 0.33463541666666663 0.3097453703703704 0.11963541666666666 0.07674768518518515
112 0.10828125 0.19151041666666666 0.0515625 0.03590856481481479
44 0.6988541666666667 0.378443287037037 0.12880208333333343 0.10265625000000007
12 0.5607465277777777 0.3685821759259259 0.10798611111111107 0.11484375