112 0.17442129629629627 0.529050925925926 0.05225694444444447 0.041724537037037025
88 0.2536747685185185 0.12126736111111111 0.11857638888888893 0.0839699074074074
14 0.1955150462962963 0.36085069444444445 0.10905671296296297 0.07971643518518512
119 0.45914351851851853 0.382349537037037 0.1168981481481481 0.08078703703703702
50 0.2031539351851852 0.49256365740740743 0.08993055555555554 0.06886574074074084
12 0.5912326388888889 0.36455439814814816 0.1379918981481481 0.1236979166666666
112 0.585300925925926 0.3134837962962963 0.058101851851851904 0.03101851851851851
88 0.3393518518518518 0.2370949074074074 0.11056134259259257 0.05714699074074074
112 0.697945601851852 0.44048032407407406 0.03637152777777786 0.03411458333333321
12 0.6296296296296295 0.2783564814814815 0.14100115740740726 0.12068865740740745
51 0.4926793981481481 0.27954282407407405 0.1258101851851851 0.08969907407407404
120 0.4942418981481481 0.21623263888888888 0.13084490740740726 0.07818287037037042
44 0.19788773148148148 0.27566550925925926 0.13501157407407405 0.10642361111111107
40 0.14554398148148148 0.3793402777777778 0.05451388888888893 0.03946759259259256
119 0.35920138888888886 0.3770833333333333 0.10839120370370373 0.0828125
14 0.7290798611111111 0.38139467592592596 0.12196180555555572 0.09111689814814809
112 0.6786168981481481 0.41316550925925927 0.045052083333333215 0.03677662037037042