112 0.696875 0.41969907407407414 0.04375 0.02642939814814831
112 0.3953125 0.6628877314814815 0.053125 0.043755787037036954
112 0.62578125 0.40380208333333334 0.03671875 0.028668981481481382
19 0.44765625 0.31991319444444444 0.321875 0.1500810185185185
112 0.36015625 0.6787731481481482 0.0421875 0.026406249999999964
111 0.2390625 0.4769791666666666 0.07890625 0.060543981481481525
112 0.28046875 0.6268113425925926 0.0453125 0.0280150462962963
112 0.70859375 0.45112268518518517 0.0625 0.04545717592592595
112 0.62109375 0.3263888888888889 0.03125 0.030931712962962977
112 0.26484375 0.41173611111111114 0.034375 0.031759259259259306
112 0.2640625 0.359380787037037 0.0421875 0.031093749999999965
112 0.18828125 0.4762268518518519 0.04140625 0.038113425925925884
43 0.49765625 0.36909143518518517 0.2671875 0.11723958333333329
38 0.6390625 0.2649363425925926 0.09921875 0.06396990740740734