88 0.2032349537037037 0.3267071759259259 0.11581018518518515 0.08304398148148148
50 0.2328877314814815 0.3702256944444445 0.09855324074074075 0.06603009259259256
119 0.37328125 0.34545717592592595 0.11466435185185189 0.07598379629629637
112 0.267806712962963 0.6209780092592593 0.04310763888888891 0.03434606481481488
44 0.4849421296296296 0.31001157407407404 0.14638888888888885 0.10133101851851851
120 0.11363425925925927 0.12337962962962963 0.12280092592592595 0.08252314814814814
14 0.7027662037037037 0.11799768518518519 0.11515046296296294 0.08535879629629628
88 0.2888657407407408 0.13645833333333332 0.11063657407407401 0.07349537037037038
40 0.6127372685185185 0.3592881944444445 0.06436342592592599 0.03825231481481488
119 0.6499247685185185 0.33677662037037037 0.10927662037037038 0.07734375
48 0.28041087962962963 0.5923321759259259 0.06049768518518519 0.03888888888888893
44 0.10193287037037038 0.26001157407407405 0.12016203703703705 0.09178240740740744
40 0.31364583333333335 0.6294560185185185 0.06045717592592599 0.03810763888888893
112 0.2035300925925926 0.422974537037037 0.05454282407407405 0.02931134259259256
40 0.19015046296296298 0.3913773148148148 0.04251736111111111 0.053038194444444464
112 0.1814988425925926 0.2547164351851852 0.04931712962962962 0.033796296296296366
112 0.7383449074074073 0.5777199074074074 0.04927662037037024 0.03301504629629619
112 0.21927662037037035 0.5304108796296296 0.03665509259259263 0.030208333333333216
51 0.3959085648148148 0.4346354166666666 0.1241898148148148 0.09427083333333322
48 0.6837789351851852 0.5820891203703704 0.058234953703703594 0.04036458333333322
48 0.6826157407407407 0.5445601851851851 0.047094907407407405 0.03605324074074083
54 0.3202372685185185 0.45465856481481487 0.12184606481481489 0.09418402777777786
120 0.16747685185185185 0.46736111111111106 0.12810763888888888 0.07960069444444429
112 0.6973726851851852 0.3913773148148148 0.037962962962962976 0.04039351851851851
88 0.6669039351851852 0.28683449074074074 0.11544560185185197 0.0760127314814815
112 0.7182060185185185 0.5667245370370371 0.05442129629629626 0.02696759259259256