70 0.32421875 0.2873263888888889 0.14453125 0.13368055555555552
70 0.4578125 0.21248263888888888 0.10859375 0.1117881944444445
56 0.46328125 0.1654861111111111 0.1328125 0.08654513888888889
5 0.17734375 0.5288715277777778 0.0984375 0.056093750000000143
117 0.7 0.5391319444444445 0.06171875 0.059965277777777715
117 0.6734375 0.5170659722222222 0.0546875 0.05355902777777786
127 0.45546875 0.30784722222222227 0.13203125 0.08887152777777771
56 0.17890625 0.2960243055555556 0.1390625 0.08902777777777775
117 0.19765625 0.42373263888888885 0.06484375 0.047534722222222214
117 0.1234375 0.47538194444444437 0.0546875 0.04809027777777786
56 0.31796875 0.18902777777777777 0.1328125 0.09045138888888889
117 0.14296875 0.4249479166666667 0.06171875 0.04746527777777772
5 0.23984375 0.3212326388888889 0.08671875 0.051145833333333356
56 0.60703125 0.22557291666666668 0.1203125 0.08939236111111111
117 0.66328125 0.28291666666666665 0.0515625 0.03708333333333336
117 0.5265625 0.23282986111111112 0.05234375 0.048819444444444395
117 0.5671875 0.26005208333333335 0.04765625 0.03934027777777782