45 0.23828125 0.521875 0.13828125 0.084375
9 0.70859375 0.52578125 0.10703125 0.075
132 0.26171875 0.35546875 0.0875 0.06328125
112 0.21640625 0.38046875 0.05 0.03515625
112 0.2 0.4171875 0.03515625 0.0265625
5 0.2375 0.42265625 0.0703125 0.046875
5 0.253125 0.38515625 0.0921875 0.0390625
5 0.696875 0.4375 0.07109375 0.046875
5 0.69296875 0.41171875 0.08125 0.03671875
5 0.6796875 0.38359375 0.078125 0.04453125
112 0.17265625 0.3828125 0.03515625 0.028125
112 0.21171875 0.378125 0.0390625 0.02109375
53 0.36484375 0.33515625 0.12421875 0.07421875
112 0.2984375 0.3703125 0.03359375 0.02734375
53 0.30078125 0.5515625 0.12421875 0.0734375