114 0.3877893518518518 0.3629513888888889 0.10428240740740743 0.054618055555555586
3 0.293431712962963 0.5078993055555555 0.11924189814814809 0.10022569444444436
5 0.7066550925925925 0.5002777777777778 0.07922453703703702 0.05249999999999986
5 0.7040219907407408 0.46598958333333335 0.08104745370370363 0.03848958333333332
5 0.21397569444444448 0.4612673611111111 0.0921875 0.044201388888888894
5 0.2808449074074074 0.44729166666666664 0.07957175925925926 0.04079861111111107
45 0.2720196759259259 0.24296875 0.15078125 0.08765625000000003
132 0.29464699074074074 0.20109375 0.09076967592592596 0.06914930555555561
112 0.7121238425925925 0.24723958333333335 0.040306712962962975 0.03446180555555554
97 0.27132523148148147 0.30387152777777776 0.11061921296296298 0.07817708333333329
114 0.5337094907407407 0.30116319444444445 0.09832175925925916 0.062291666666666676
114 0.3819733796296297 0.2881423611111111 0.10141782407407404 0.061579861111111175