70 0.4570138888888889 0.2168576388888889 0.11737847222222228 0.11576388888888892
6 0.30590277777777775 0.1997800925925926 0.12776041666666665 0.0909259259259259
56 0.6030034722222222 0.2494791666666667 0.13953124999999994 0.09344328703703705
56 0.6033506944444444 0.19481481481481483 0.14510416666666667 0.09821180555555556
117 0.6529166666666667 0.5274710648148148 0.05352430555555561 0.053900462962963046
117 0.6396875 0.49447337962962956 0.05654513888888886 0.04925925925925938
5 0.7032638888888888 0.5438368055555556 0.073576388888889 0.042482638888888855
117 0.5897048611111112 0.49451388888888886 0.05005208333333329 0.03822916666666672
5 0.6965625 0.4179976851851851 0.08147569444444436 0.04650462962962969
6 0.4094270833333333 0.28956597222222225 0.13699652777777765 0.08481481481481482
5 0.28635416666666663 0.55015625 0.07986111111111108 0.04413773148148152
117 0.7127430555555556 0.5135185185185185 0.06949652777777775 0.03461226851851862
117 0.2599826388888889 0.5232118055555556 0.04776041666666666 0.04053819444444447
117 0.23552083333333335 0.4767708333333333 0.05092013888888882 0.0421469907407408
117 0.20814236111111112 0.40451388888888884 0.04777777777777779 0.041319444444444464
5 0.28279513888888885 0.5305787037037037 0.09633680555555557 0.047505787037037096
5 0.3008333333333334 0.4988252314814815 0.06791666666666671 0.03380787037037045
127 0.10803819444444444 0.2226215277777778 0.14491319444444445 0.08961805555555555
117 0.7440972222222222 0.41323495370370367 0.04847222222222225 0.037424768518518545
117 0.7134722222222222 0.37060763888888887 0.05074652777777775 0.0343344907407408
117 0.6967361111111111 0.3203761574074074 0.05612847222222221 0.0305092592592592
5 0.2689930555555556 0.47179976851851857 0.05399305555555554 0.039849537037036954
117 0.7039409722222223 0.2931481481481481 0.041545138888889 0.042008101851851797
5 0.2972048611111111 0.30039930555555555 0.06118055555555557 0.0469849537037037