112 0.675 0.3921875 0.04609375 0.0359375
14 0.2265625 0.35546875 0.09609375 0.06875
50 0.2328125 0.54765625 0.09765625 0.05546875
112 0.584375 0.2921875 0.0515625 0.02578125
88 0.35234375 0.2390625 0.09765625 0.04765625
12 0.6234375 0.26875 0.1234375 0.1046875
51 0.4921875 0.271875 0.1109375 0.0765625
120 0.49140625 0.21484375 0.115625 0.06640625
44 0.22578125 0.278125 0.11796875 0.09140625
119 0.375 0.3640625 0.0953125 0.07109375
14 0.70859375 0.35625 0.10703125 0.078125
112 0.69453125 0.4171875 0.03984375 0.03203125
54 0.37578125 0.315625 0.10390625 0.07265625
88 0.3546875 0.3140625 0.10625 0.06640625
40 0.1859375 0.32890625 0.04140625 0.0390625