91 0.23203125 0.48671875 0.0609375 0.08515625
17 0.30234375 0.5515625 0.0953125 0.084375
69 0.38671875 0.49609375 0.1046875 0.0640625
42 0.4265625 0.44921875 0.10859375 0.084375
8 0.334375 0.559375 0.04921875 0.0421875
69 0.390625 0.39453125 0.09375 0.08125
129 0.66328125 0.39140625 0.0828125 0.05234375
129 0.6625 0.3625 0.053125 0.06015625
84 0.6953125 0.41015625 0.08515625 0.05859375
130 0.62421875 0.29296875 0.0953125 0.071875
129 0.28515625 0.35390625 0.0625 0.05234375
8 0.18203125 0.4890625 0.04375 0.03125
8 0.29609375 0.48515625 0.04375 0.034375