113 0.34296875 0.5589756944444444 0.1234375 0.11642361111111121
18 0.42890625 0.49109374999999994 0.103125 0.08348958333333342
23 0.66328125 0.5439583333333333 0.1796875 0.09079861111111107
39 0.6375 0.5130729166666667 0.08046875 0.05279513888888889
18 0.7140625 0.5174826388888889 0.0859375 0.06710069444444447
39 0.1796875 0.5513888888888889 0.059375 0.05342013888888886
90 0.2546875 0.5488368055555556 0.0796875 0.05901041666666664
18 0.2859375 0.5341666666666667 0.06484375 0.06538194444444442
23 0.3390625 0.6544618055555556 0.05703125 0.07206597222222229
23 0.39296875 0.6458159722222222 0.0734375 0.070451388888889
23 0.20390625 0.5221875 0.16171875 0.07828125000000004
79 0.753125 0.2360590277777778 0.103125 0.10536458333333334
108 0.1921875 0.48286458333333326 0.109375 0.07361111111111107
123 0.5953125 0.06104166666666666 0.09453125 0.09795138888888891