117 0.2359375 0.47734375 0.065625 0.04765625
117 0.696875 0.459375 0.05703125 0.053125
86 0.21328125 0.5578125 0.1015625 0.05859375
48 0.190625 0.47578125 0.05703125 0.03984375
8 0.3140625 0.4953125 0.05859375 0.0328125
8 0.6265625 0.509375 0.06796875 0.034375
117 0.7375 0.4453125 0.05625 0.05
8 0.34609375 0.46171875 0.0671875 0.0328125
8 0.6046875 0.4734375 0.05078125 0.03125
117 0.1765625 0.4390625 0.0765625 0.04296875
48 0.70546875 0.50234375 0.075 0.0375
67 0.33046875 0.3640625 0.06484375 0.0453125