117 0.14507523148148146 0.5527430555555556 0.05341435185185182 0.041423611111111217
117 0.17572337962962964 0.527170138888889 0.0533854166666667 0.037517361111111217
117 0.24302083333333332 0.5093402777777778 0.061973379629629656 0.03711805555555543
80 0.5571585648148147 0.5906597222222223 0.13446759259259267 0.12390624999999993
8 0.5220023148148148 0.5922222222222222 0.04323495370370374 0.03784722222222214
8 0.49957754629629625 0.5619791666666666 0.05414351851851862 0.03442708333333329
8 0.49829861111111107 0.5237673611111111 0.05727430555555557 0.03534722222222229
8 0.4715277777777779 0.5530729166666667 0.07289351851851862 0.03526041666666657
48 0.18849537037037037 0.38446180555555554 0.06593171296296294 0.04432291666666668
117 0.20653356481481483 0.47972222222222227 0.06592013888888885 0.042760416666666676
117 0.20291087962962964 0.3361805555555556 0.054172453703703737 0.03833333333333329
117 0.6429861111111111 0.2853819444444444 0.06679398148148152 0.05529513888888893
117 0.6663310185185185 0.4022743055555556 0.05964120370370374 0.038576388888888855