61 0.3652083333333333 0.5941319444444444 0.37 0.20072337962962977
111 0.7026967592592592 0.37232060185185184 0.09413773148148152 0.08166087962962969
112 0.2599652777777778 0.5597337962962963 0.06063078703703706 0.0338136574074074
112 0.2620486111111111 0.59484375 0.05292245370370372 0.040613425925925914
112 0.4636400462962963 0.5380671296296297 0.0483275462962963 0.04672453703703709
112 0.2279050925925926 0.5059722222222222 0.052899305555555554 0.03905092592592609
112 0.703130787037037 0.45437500000000003 0.04418981481481481 0.030983796296296263
112 0.22810763888888888 0.4668865740740741 0.05212962962962964 0.03980902777777775
112 0.35510416666666667 0.6507060185185185 0.053726851851851797 0.04219907407407408
112 0.224369212962963 0.4255729166666667 0.040434027777777715 0.041024305555555605
96 0.4394328703703703 0.32853587962962966 0.33040509259259243 0.16362847222222224