45 0.19880787037037037 0.4962326388888889 0.14585069444444448 0.09334490740740745
9 0.6933043981481481 0.4839236111111111 0.10879629629629636 0.0696006944444445
97 0.6509895833333333 0.49376736111111114 0.10823495370370359 0.08442129629629633
132 0.22994212962962965 0.29227430555555556 0.09239004629629628 0.06911458333333335
112 0.21631365740740743 0.3161053240740741 0.052899305555555554 0.03905092592592592
112 0.2007349537037037 0.41886574074074073 0.03712384259259256 0.02843171296296294
5 0.2171238425925926 0.3668402777777778 0.07494791666666671 0.051417824074074046
5 0.235005787037037 0.31945601851851857 0.0974768518518518 0.043495370370370344
5 0.6693055555555556 0.364375 0.07494791666666671 0.051417824074074046
5 0.6734664351851851 0.34707175925925926 0.08650462962962954 0.04082754629629637
5 0.6646585648148149 0.30906828703703704 0.08272569444444447 0.04930555555555553
112 0.17833333333333332 0.29692708333333334 0.03792824074074073 0.030017361111111106
112 0.20024884259259262 0.346255787037037 0.041730324074074066 0.023101851851851853
53 0.3785069444444444 0.27928240740740745 0.13161458333333337 0.0812094907407408