13 0.4091796875 0.537109375 0.1328125 0.0869140625
20 0.1025390625 0.60546875 0.1015625 0.083984375
0 0.494140625 0.5947265625 0.12890625 0.0849609375
44 0.2080078125 0.91015625 0.1318359375 0.115234375
18 0.3427734375 0.931640625 0.1298828125 0.087890625
16 0.4716796875 0.927734375 0.12109375 0.09375
12 0.6025390625 0.9287109375 0.119140625 0.09375
33 0.2255859375 0.3994140625 0.1337890625 0.09375
37 0.3984375 0.4521484375 0.0458984375 0.068359375
37 0.552734375 0.4912109375 0.07421875 0.068359375
37 0.6064453125 0.4892578125 0.0712890625 0.0654296875
37 0.4521484375 0.451171875 0.0517578125 0.0732421875
37 0.505859375 0.4521484375 0.048828125 0.07421875