41 0.3431971153846154 0.2853446191051995 0.06076923076923077 0.10152962515114873
43 0.2696554487179487 0.2157980652962515 0.06141025641025641 0.08942563482466748
43 0.3084695512820513 0.26616686819830715 0.05939102564102564 0.1077750906892382
65 0.25530448717948717 0.42338573155985487 0.03225961538461538 0.0446130592503023
65 0.25947916666666665 0.45981257557436517 0.03225961538461538 0.0446130592503023
65 0.2877483974358975 0.49087666263603386 0.03225961538461538 0.0446130592503023
65 0.36677884615384615 0.48604594921402655 0.03225961538461538 0.0446130592503023
65 0.2895592948717949 0.4479383313180169 0.03225961538461538 0.0446130592503023
65 0.3872676282051282 0.42733373639661426 0.03225961538461538 0.0446130592503023
65 0.41030448717948714 0.46983675937122127 0.03225961538461538 0.0446130592503023
65 0.38524038461538457 0.45126964933494557 0.03225961538461538 0.0446130592503023